0.0	0 0.000 0 0.000 0 0.000 0 0.000 0 0.000 0 0.000 0 0.000 0 0.000 	0.000000	0	0.000000
1.0	2100 0.597 2100 0.600 2100 0.588 2100 0.000 1200 1.000 1200 1.000 1200 1.000 1200 1.000 	2795.330476	3	256.000000
2.0	2100 0.702 2100 0.670 2100 0.650 1300 0.834 1200 0.532 1200 0.733 1200 0.633 1200 1.000 	3321.252618	1	87.000000
3.0	2100 0.592 2100 0.442 2100 0.557 1300 0.901 1200 0.429 1200 0.677 1200 0.973 1200 0.902 	2805.523846	0	0.000000
4.0	2100 0.542 2100 0.583 2100 0.570 1400 0.000 1200 1.000 1200 0.894 1200 1.000 1200 1.000 	2666.401746	3	771.000000
5.0	2100 1.000 2100 0.771 2100 0.828 1300 0.866 1200 0.573 1200 0.707 1200 0.353 1200 0.443 	3978.017113	1	154.000000
6.0	2100 0.436 2100 0.590 2100 0.562 1400 0.846 1200 0.611 1200 0.624 1200 1.000 1200 1.000 	2827.365446	2	384.000000
7.0	2100 0.694 2100 0.734 2100 0.646 1400 0.887 1200 0.734 1200 0.627 1200 1.000 1200 0.473 	3423.838645	1	250.000000
8.0	2100 0.561 2100 0.492 2100 0.595 1500 0.820 1200 0.690 1200 1.000 1200 1.000 1200 0.346 	2935.597150	2	103.000000
9.0	2100 0.597 2100 0.429 2100 0.580 1500 0.805 1200 1.000 1200 0.576 1200 1.000 1200 0.505 	2879.546957	2	699.000000
10.0	2100 0.772 2100 0.752 2100 0.783 1500 1.000 1200 0.528 1200 0.446 1200 0.530 1200 0.677 	3774.999963	1	580.000000
11.0	2100 0.732 2100 0.550 2100 0.584 1600 0.000 1200 1.000 1200 1.000 1200 0.700 1200 1.000 	2864.114921	3	1397.000000
12.0	2100 1.000 2100 0.881 2100 0.791 1300 0.881 1200 0.496 1200 0.439 1200 0.548 1200 0.348 	4047.322943	1	250.307692
13.0	2100 0.570 2100 0.654 2100 0.569 1400 0.000 1200 1.000 1200 1.000 1200 1.000 1200 0.728 	2773.636703	3	1494.000000
14.0	2100 1.000 2100 0.873 2100 0.908 1300 0.851 1200 0.584 1200 0.568 1200 0.643 1200 0.698 	4257.796077	1	539.807692
15.0	2100 0.601 2100 0.774 2100 0.429 1400 0.840 1200 0.667 1200 0.498 1200 1.000 1200 1.000 	3095.686703	2	550.000000
16.0	2100 0.841 2100 0.504 2100 0.603 1400 1.000 1200 0.602 1200 0.476 1200 1.000 1200 0.480 	3277.730024	2	372.500000
17.0	2100 0.473 2100 0.814 2100 0.552 1500 1.000 1200 0.625 1200 0.442 1200 0.601 1200 1.000 	3231.908913	2	403.000000
18.0	2100 0.661 2100 0.601 2100 0.592 1600 0.000 1200 1.000 1200 0.679 1200 1.000 1200 1.000 	2845.163333	3	1331.000000
19.0	2100 0.629 2100 0.626 2100 0.821 1300 1.000 1200 0.447 1200 1.000 1200 0.308 1200 0.611 	3396.698767	2	823.000000
20.0	2100 0.559 2100 0.757 2100 0.558 1400 0.000 1200 1.000 1200 1.000 1200 1.000 1200 0.659 	2868.463333	3	737.000000
21.0	2100 0.423 2100 0.595 2100 0.567 1300 0.927 1200 0.503 1200 1.000 1200 0.609 1200 1.000 	2823.756313	2	865.000000
22.0	2100 0.559 2100 0.951 2100 0.573 1400 1.000 1200 0.547 1200 0.918 1200 0.640 1200 0.418 	3447.664713	1	206.000000
23.0	2100 0.567 2100 0.662 2100 0.563 1500 0.000 1200 0.514 1200 0.963 1200 1.000 1200 1.000 	2741.179841	2	614.000000
24.0	2100 0.556 2100 0.563 2100 0.896 1300 1.000 1200 0.538 1200 1.000 1200 0.613 1200 0.594 	3363.196215	2	492.000000
25.0	2100 0.624 2100 0.424 2100 0.571 1400 0.893 1200 0.593 1200 1.000 1200 1.000 1200 0.672 	2894.797082	2	349.000000
26.0	2100 0.502 2100 0.587 2100 0.563 1500 0.782 1200 1.000 1200 0.434 1200 0.436 1200 1.000 	2899.191790	2	519.000000
27.0	2100 0.468 2100 0.562 2100 0.594 1500 0.760 1200 0.757 1200 1.000 1200 0.680 1200 1.000 	2922.576801	2	679.000000
28.0	2100 0.512 2100 0.566 2100 0.541 1500 0.784 1200 0.533 1200 1.000 1200 1.000 1200 0.539 	2884.520777	2	760.000000
29.0	2100 0.801 2100 0.558 2100 0.736 1500 0.856 1200 0.748 1200 1.000 1200 0.513 1200 0.502 	3497.723067	1	240.000000
30.0	2100 0.544 2100 0.464 2100 0.599 1600 0.719 1200 0.535 1200 1.000 1200 1.000 1200 0.606 	2902.802691	2	854.000000
31.0	2100 0.810 2100 0.530 2100 0.828 1600 0.813 1200 0.599 1200 0.527 1200 0.655 1200 1.000 	3639.713874	1	447.000000
32.0	2100 0.774 2100 0.602 2100 0.516 1600 0.990 1200 0.645 1200 0.630 1200 0.703 1200 1.000 	3416.345102	1	501.000000
33.0	2100 0.547 2100 0.501 2100 0.591 1700 0.673 1200 1.000 1200 0.688 1200 1.000 1200 0.662 	3026.547534	2	647.000000
34.0	2100 0.838 2100 0.755 2100 0.532 1700 0.705 1200 1.000 1200 0.653 1200 0.354 1200 0.606 	3584.610498	1	220.000000
35.0	2100 0.548 2100 0.519 2100 0.569 1700 0.724 1200 0.711 1200 0.597 1200 1.000 1200 1.000 	3054.393646	2	293.000000
36.0	2100 0.492 2100 0.583 2100 0.603 1700 0.682 1200 1.000 1200 0.637 1200 1.000 1200 0.636 	3072.689331	2	701.000000
37.0	2100 0.591 2100 0.517 2100 0.548 1700 0.738 1200 0.670 1200 0.668 1200 1.000 1200 1.000 	3094.326907	2	776.000000
38.0	2100 0.602 2100 1.000 2100 0.629 1700 1.000 1200 0.681 1200 0.658 1200 0.541 1200 0.477 	3907.987241	2	560.038462
39.0	2100 0.654 2100 0.694 2100 0.567 1800 0.000 1200 0.744 1200 1.000 1200 1.000 1200 1.000 	2931.806691	3	414.000000
40.0	2100 0.601 2100 0.503 2100 0.575 1300 0.918 1200 0.601 1200 1.000 1200 1.000 1200 0.682 	2964.175385	2	625.000000
41.0	2100 0.552 2100 1.000 2100 0.501 1400 0.979 1200 0.473 1200 1.000 1200 0.577 1200 0.538 	3407.641880	2	343.692308
42.0	2100 0.569 2100 0.573 2100 0.603 1500 0.000 1200 1.000 1200 1.000 1200 1.000 1200 0.697 	2708.180598	3	1066.000000
43.0	2100 0.641 2100 1.000 2100 1.000 1300 0.932 1200 0.571 1200 0.523 1200 0.700 1200 0.576 	4095.911868	2	139.846154
44.0	2100 0.608 2100 0.611 2100 0.552 1400 0.000 1200 0.602 1200 1.000 1200 1.000 1200 1.000 	2730.836886	3	694.000000
45.0	2100 0.529 2100 0.927 2100 1.000 1300 0.906 1200 0.294 1200 0.636 1200 0.395 1200 0.679 	3800.735531	1	51.730769
46.0	2100 0.815 2100 0.777 2100 0.562 1400 0.637 400 1.000 1200 1.000 1200 0.619 1200 0.693 	3372.158303	2	470.000000
47.0	2100 0.459 2100 0.582 2100 0.587 1400 0.823 500 1.000 1200 1.000 1200 1.000 1200 0.668 	2828.752015	3	1484.000000
48.0	2100 0.612 2100 1.000 2100 0.778 1400 1.000 600 1.000 1200 0.523 1200 0.609 1200 0.493 	3767.697900	3	998.000000
49.0	2100 0.707 2100 0.586 2100 0.666 1500 0.000 700 1.000 1200 1.000 1200 1.000 1200 1.000 	2942.212381	4	1692.000000
50.0	2100 0.626 2100 1.000 2100 1.000 1300 0.911 800 0.670 1200 0.443 1200 0.619 1200 0.502 	4001.811288	2	426.576923
51.0	2100 0.676 2100 0.597 2100 0.577 1400 0.000 800 1.000 1200 1.000 1200 1.000 1200 0.697 	2769.762271	3	1253.000000
52.0	2100 0.690 2100 1.000 2100 1.000 1300 1.000 900 0.682 1200 0.470 1200 0.437 1200 0.377 	4102.200073	3	460.346154
53.0	2100 0.848 2100 0.737 2100 0.744 1400 0.637 900 0.884 1200 0.985 1200 0.467 1200 0.669 	3616.720611	0	0.000000
54.0	2100 0.579 2100 0.549 2100 0.555 1400 0.000 1000 1.000 1200 0.460 1200 1.000 1200 1.000 	2557.242857	3	466.000000
55.0	2100 0.557 2100 0.541 2100 0.589 1300 0.937 1100 0.733 1200 1.000 1200 1.000 1200 0.707 	2985.244218	2	1174.000000
56.0	2100 0.719 2100 0.597 2100 0.986 1400 0.892 1100 0.645 1200 0.456 1200 1.000 1200 0.638 	3694.356092	1	195.000000
57.0	2100 0.587 2100 0.430 2100 0.587 1500 0.772 1100 1.000 1200 0.558 1200 0.494 1200 1.000 	2835.586547	2	634.000000
58.0	2100 0.528 2100 0.591 2100 0.547 1500 0.820 1200 1.000 1200 0.703 1200 1.000 1200 0.502 	2979.993011	2	593.000000
59.0	2100 0.713 2100 0.441 2100 0.781 1500 0.889 1200 0.758 1200 0.624 1200 1.000 1200 0.704 	3349.386652	1	97.000000
60.0	2100 0.590 2100 0.466 2100 0.570 1600 0.786 1200 0.430 1200 1.000 1200 0.623 1200 1.000 	2957.576888	2	366.000000
61.0	2100 0.602 2100 0.565 2100 0.582 1600 0.000 1200 0.629 1200 1.000 1200 1.000 1200 1.000 	2704.334444	3	1541.000000
62.0	2100 0.995 2100 0.899 2100 0.609 1300 1.000 1200 0.352 1200 0.549 1200 0.413 1200 0.602 	3890.950794	1	517.500000
63.0	2100 0.566 2100 0.724 2100 0.595 1400 0.000 1200 0.599 1200 1.000 1200 1.000 1200 1.000 	2876.368571	3	723.000000
64.0	2100 0.997 2100 0.516 2100 0.949 1300 1.000 1200 0.360 1200 0.316 1200 0.636 1200 0.428 	3816.901795	1	259.000000
65.0	2100 0.565 2100 0.677 2100 0.579 1400 0.000 1200 0.984 1200 1.000 1200 1.000 1200 0.382 	2763.446667	2	314.000000
66.0	2100 0.579 2100 0.457 2100 0.559 1300 0.911 1200 1.000 1200 0.686 1200 0.584 1200 1.000 	2850.168205	2	520.000000
67.0	2100 0.507 2100 0.973 2100 0.592 1400 0.908 1200 0.465 1200 0.677 1200 0.537 1200 1.000 	3411.274359	1	201.000000
68.0	2100 0.564 2100 0.462 2100 0.558 1500 0.774 1200 1.000 1200 0.524 1200 0.615 1200 1.000 	2842.953717	2	696.000000
69.0	2100 0.924 2100 0.684 2100 0.564 1500 0.942 1200 0.385 1200 1.000 1200 0.605 1200 0.476 	3606.243074	1	106.000000
70.0	2100 0.549 2100 0.587 2100 0.543 1600 0.575 1200 0.483 1200 1.000 1200 1.000 1200 0.554 	2894.044641	2	451.000000
71.0	2100 0.785 2100 0.471 2100 0.768 1600 0.793 1200 0.577 1200 1.000 1200 0.470 1200 0.563 	3420.518395	1	359.000000
72.0	2100 0.542 2100 0.523 2100 0.580 1600 0.778 1200 0.472 1200 0.547 1200 1.000 1200 1.000 	2973.064231	2	222.000000
73.0	2100 0.552 2100 0.437 2100 0.547 1600 0.745 1200 1.000 1200 0.455 1200 1.000 1200 0.454 	2798.872326	2	639.000000
74.0	2100 0.545 2100 1.000 2100 0.841 1600 1.000 1200 0.389 1200 0.430 1200 0.438 1200 0.554 	3915.698010	2	290.038462
75.0	2100 0.623 2100 0.636 2100 0.562 1700 0.000 1200 1.000 1200 1.000 1200 1.000 1200 0.745 	2811.603358	3	1485.000000
76.0	2100 0.596 2100 1.000 2100 1.000 1300 1.000 1200 0.344 1200 0.530 1200 0.543 1200 0.508 	4011.773480	3	621.423077
77.0	2100 0.615 2100 0.663 2100 0.637 1400 0.000 1200 0.623 1200 1.000 1200 1.000 1200 1.000 	2916.877411	3	1135.000000
78.0	2100 0.563 2100 0.865 2100 0.805 1300 0.863 1200 0.456 1200 1.000 1200 0.550 1200 0.573 	3567.148657	1	302.000000
79.0	2100 0.561 2100 0.425 2100 0.581 1400 0.820 1200 0.484 1200 0.532 1200 1.000 1200 1.000 	2764.090391	2	412.000000
80.0	2100 0.467 2100 0.954 2100 0.743 1400 0.695 1200 0.418 1200 0.555 1200 0.555 1200 1.000 	3415.838755	1	102.000000
81.0	2100 0.489 2100 0.763 2100 0.602 1400 1.000 1200 0.680 1200 0.540 1200 0.691 1200 1.000 	3200.566764	2	809.500000
82.0	2100 0.573 2100 1.000 2100 0.675 1500 0.789 1200 0.484 1200 0.567 1200 1.000 1200 0.739 	3662.245556	2	232.000000
83.0	2100 0.588 2100 0.565 2100 0.545 1500 0.000 1200 1.000 1200 1.000 1200 0.673 1200 1.000 	2644.338095	3	1047.000000
84.0	2100 0.557 2100 1.000 2100 0.854 1300 1.000 1200 0.402 1200 0.408 1200 0.623 1200 0.394 	3762.051600	2	811.884615
85.0	2100 0.720 2100 0.680 2100 0.542 1400 0.637 1200 0.697 1200 1.000 1200 1.000 1200 0.706 	3212.712955	2	702.000000
86.0	2100 0.811 2100 0.525 2100 0.775 1400 0.816 1200 0.374 1200 1.000 1200 0.510 1200 0.544 	3388.897289	1	10.000000
87.0	2100 0.579 2100 0.592 2100 0.572 1400 0.000 1200 1.000 1200 1.000 1200 0.590 1200 1.000 	2692.112063	3	704.000000
88.0	2100 0.556 2100 0.425 2100 0.550 1300 0.884 1200 0.678 1200 0.678 1200 1.000 1200 1.000 	2766.774090	2	959.000000
89.0	2100 0.600 2100 1.000 2100 0.597 1400 0.881 1200 0.650 1200 0.638 1200 1.000 1200 0.541 	3578.074835	2	16.384615
90.0	2100 0.586 2100 0.541 2100 0.600 1500 0.000 1200 0.753 1200 1.000 1200 1.000 1200 1.000 	2692.062466	3	1001.000000
91.0	2100 1.000 2100 1.000 2100 0.504 1300 0.909 1200 0.633 1200 0.695 1200 0.557 1200 0.312 	3888.794139	2	181.153846
92.0	2100 0.616 2100 0.582 2100 0.569 1400 0.000 1200 1.000 1200 1.000 1200 1.000 1200 0.677 	2733.202955	3	927.000000
93.0	2100 0.928 2100 0.597 2100 1.000 1300 1.000 1200 0.543 1200 0.424 1200 0.422 1200 0.354 	3898.079328	2	647.576923
94.0	2100 0.647 2100 0.728 2100 0.578 1400 0.000 1200 1.000 1200 1.000 1200 1.000 1200 0.716 	2978.027668	3	1456.000000
95.0	2100 0.623 2100 1.000 2100 0.869 1300 1.000 1200 0.457 1200 0.533 1200 0.455 1200 0.550 	3886.690220	2	1098.076923
96.0	2100 0.479 2100 1.000 2100 0.780 1400 0.943 1200 0.532 1200 1.000 1200 0.536 1200 0.548 	3661.449414	2	386.500000
97.0	2100 0.626 2100 0.565 2100 0.558 1500 0.000 1200 1.000 1200 1.000 1200 1.000 1200 0.661 	2709.284127	3	1345.000000
98.0	2100 0.661 2100 1.000 2100 0.830 1300 1.000 1200 0.428 1200 0.579 1200 0.362 1200 0.428 	3860.255458	2	403.500000
99.0	2100 0.546 2100 0.707 2100 0.557 1400 0.000 1200 1.000 1200 0.674 1200 1.000 1200 1.000 	2788.686667	3	475.000000
100.0	2100 0.533 2100 0.594 2100 0.602 1300 0.968 1200 0.532 1200 1.000 1200 0.407 1200 1.000 	3005.789853	2	228.000000
101.0	2100 0.548 2100 0.597 2100 0.574 1400 0.000 1200 0.516 1200 1.000 1200 1.000 1200 1.000 	2651.406508	3	750.000000
102.0	2100 0.543 2100 1.000 2100 0.536 1300 1.000 1200 0.669 1200 1.000 1200 0.675 1200 0.754 	3491.117192	3	593.384615
103.0	2100 0.586 2100 0.607 2100 0.579 1400 0.792 1200 0.637 1200 0.591 1200 1.000 1200 1.000 	3039.868071	2	709.000000
104.0	2100 0.627 2100 0.962 2100 0.581 1400 0.935 1200 0.706 1200 0.544 1200 0.697 1200 1.000 	3582.829011	1	237.000000
105.0	2100 0.582 2100 0.598 2100 0.559 1500 0.000 1200 1.000 1200 0.579 1200 1.000 1200 1.000 	2685.449048	3	1010.000000
106.0	2100 0.827 2100 0.795 2100 0.551 1300 0.907 1200 0.554 1200 0.493 1200 1.000 1200 0.563 	3512.366298	1	255.000000
107.0	2100 0.591 2100 0.566 2100 0.551 1400 0.000 1200 1.000 1200 0.690 1200 1.000 1200 1.000 	2659.499365	3	1134.000000
108.0	2100 0.790 2100 0.894 2100 0.568 1300 0.944 1200 1.000 1200 0.397 1200 0.551 1200 0.397 	3596.812735	1	231.000000
109.0	2100 0.571 2100 0.566 2100 0.541 1400 0.000 1200 1.000 1200 0.706 1200 1.000 1200 1.000 	2623.815714	3	1030.000000
110.0	2100 0.595 2100 0.844 2100 0.742 1300 0.736 1200 0.454 1200 0.593 1200 1.000 1200 0.579 	3451.541107	1	189.000000
111.0	2100 0.574 2100 0.586 2100 0.565 1300 0.000 1200 1.000 1200 0.582 1200 1.000 1200 1.000 	2668.163175	3	511.000000
112.0	2100 0.583 2100 0.451 2100 0.600 1300 0.967 1200 1.000 1200 1.000 1200 0.523 1200 0.593 	2906.163602	2	552.000000
113.0	2100 0.726 2100 0.554 2100 0.844 1400 0.913 1200 0.666 1200 0.466 1200 0.703 1200 1.000 	3500.445250	1	154.000000
114.0	2100 0.559 2100 0.426 2100 0.554 1500 0.809 1200 1.000 1200 1.000 1200 0.656 1200 0.668 	2826.398938	2	796.000000
115.0	2100 0.548 2100 0.661 2100 0.592 1500 0.774 1200 1.000 1200 1.000 1200 0.651 1200 0.635 	3140.439455	2	640.000000
116.0	2100 0.479 2100 0.884 2100 0.730 1500 0.836 1200 0.688 1200 1.000 1200 0.537 1200 0.547 	3486.970664	1	305.000000
117.0	2100 0.577 2100 0.464 2100 0.564 1500 0.805 1200 1.000 1200 0.629 1200 1.000 1200 0.662 	2904.305284	2	549.000000
118.0	2100 0.614 2100 0.477 2100 0.857 1500 0.889 1200 0.439 1200 1.000 1200 0.427 1200 0.529 	3278.848134	1	141.000000
119.0	2100 0.569 2100 0.458 2100 0.570 1600 0.756 1200 0.412 1200 1.000 1200 0.570 1200 1.000 	2893.011345	2	325.000000
120.0	2100 0.875 2100 0.494 2100 0.730 1600 0.781 1200 0.520 1200 0.497 1200 0.674 1200 0.959 	3514.898518	0	0.000000
121.0	2100 0.573 2100 0.591 2100 0.596 1600 0.000 1200 1.000 1200 0.688 1200 1.000 1200 1.000 	2726.811746	3	1052.000000
122.0	2100 0.613 2100 0.920 2100 0.705 1300 0.923 1200 0.545 1200 0.348 1200 1.000 1200 0.685 	3597.953529	1	228.000000
123.0	2100 0.559 2100 0.430 2100 0.564 1400 0.865 1200 1.000 1200 0.508 1200 1.000 1200 0.557 	2770.473724	2	177.000000
124.0	2100 0.551 2100 0.554 2100 0.570 1500 0.000 1200 1.000 1200 1.000 1200 1.000 1200 0.702 	2618.797778	3	782.000000
125.0	2100 0.531 2100 1.000 2100 0.789 1300 1.000 1200 0.339 1200 0.610 1200 0.472 1200 0.320 	3633.595153	2	777.307692
126.0	2100 0.631 2100 0.745 2100 0.577 1400 0.654 1200 0.532 1200 1.000 1200 1.000 1200 0.686 	3211.523932	2	295.000000
127.0	2100 0.562 2100 0.573 2100 0.594 1400 0.000 1200 0.749 1200 1.000 1200 1.000 1200 1.000 	2693.025238	3	1210.000000
128.0	2100 1.000 2100 0.570 2100 0.995 1300 1.000 1200 0.298 1200 0.608 1200 0.528 1200 0.407 	3962.376679	2	331.653846
129.0	2100 0.610 2100 0.589 2100 0.550 1400 0.000 400 1.000 1200 1.000 1200 1.000 1200 1.000 	2649.176129	4	1154.000000
130.0	2100 0.587 2100 0.957 2100 0.941 1300 1.000 500 1.000 1200 0.382 1200 0.595 1200 0.503 	3843.252625	2	735.500000
131.0	2100 0.696 2100 0.561 2100 0.563 1400 0.000 600 1.000 1200 1.000 1200 1.000 1200 0.778 	2725.185397	3	1661.000000
132.0	2100 0.648 2100 0.927 2100 1.000 1300 1.000 700 1.000 1200 0.673 1200 0.482 1200 0.422 	3986.296068	3	607.307692
133.0	2100 0.572 2100 0.549 2100 0.670 1400 0.643 800 0.691 1200 1.000 1200 0.553 1200 1.000 	2948.937230	2	733.000000
134.0	2100 0.866 2100 0.802 2100 0.980 1400 0.647 800 0.626 1200 0.501 1200 0.672 1200 0.532 	3948.028652	0	0.000000
135.0	2100 0.554 2100 0.583 2100 0.547 1400 0.000 800 1.000 1200 1.000 1200 1.000 1200 1.000 	2593.839683	4	865.000000
136.0	2100 0.581 2100 0.595 2100 0.522 1300 0.964 900 0.508 1200 1.000 1200 0.489 1200 1.000 	2944.790269	2	712.000000
137.0	2100 0.580 2100 0.749 2100 0.559 1400 1.000 900 1.000 1200 0.675 1200 0.536 1200 0.699 	3192.295726	2	1043.000000
138.0	2100 1.000 2100 0.668 2100 0.658 1500 0.787 1000 0.771 1200 0.628 1200 0.404 1200 1.000 	3732.186785	2	293.615385
139.0	2100 0.635 2100 0.553 2100 0.580 1500 0.000 1000 1.000 1200 1.000 1200 1.000 1200 0.653 	2690.622772	3	762.000000
140.0	2100 0.583 2100 0.912 2100 1.000 1300 1.000 1100 0.504 1200 0.604 1200 0.600 1200 0.482 	3904.021127	2	512.038462
141.0	2100 0.641 2100 0.641 2100 0.584 1400 0.656 1100 0.728 1200 0.604 1200 1.000 1200 1.000 	3097.651421	2	448.000000
142.0	2100 0.822 2100 0.512 2100 0.943 1400 0.597 1100 0.583 1200 0.428 1200 0.420 1200 1.000 	3493.697759	1	51.000000
143.0	2100 0.585 2100 0.562 2100 0.564 1400 0.642 1100 1.000 1200 0.757 1200 1.000 1200 0.694 	2901.725971	2	423.000000
144.0	2100 0.649 2100 0.462 2100 0.847 1400 0.977 1200 0.738 1200 0.695 1200 1.000 1200 0.390 	3313.248364	1	253.000000
145.0	2100 0.565 2100 0.428 2100 0.583 1500 0.785 1200 0.734 1200 1.000 1200 1.000 1200 0.598 	2861.998821	2	500.000000
146.0	2100 0.590 2100 0.514 2100 0.561 1500 0.813 1200 0.741 1200 1.000 1200 1.000 1200 0.674 	3000.037773	2	730.000000
147.0	2100 0.592 2100 0.909 2100 0.569 1500 0.960 1200 0.523 1200 1.000 1200 0.495 1200 0.498 	3490.795314	1	263.000000
148.0	2100 0.576 2100 0.525 2100 0.579 1600 0.763 1200 0.710 1200 1.000 1200 0.684 1200 1.000 	3056.507692	2	605.000000
149.0	2100 0.600 2100 0.834 2100 0.528 1600 1.000 1200 0.683 1200 1.000 1200 0.320 1200 0.744 	3484.639292	2	282.000000
150.0	2100 0.591 2100 0.472 2100 0.599 1700 0.703 1200 0.690 1200 1.000 1200 1.000 1200 0.530 	3061.513510	2	369.000000
151.0	2100 0.728 2100 0.879 2100 0.453 1700 0.688 1200 0.560 1200 1.000 1200 0.690 1200 0.734 	3534.600930	1	550.000000
152.0	2100 0.540 2100 0.594 2100 0.544 1700 0.675 1200 0.565 1200 1.000 1200 1.000 1200 0.663 	3062.600881	2	351.000000
153.0	2100 0.481 2100 0.854 2100 0.602 1700 0.912 1200 0.386 1200 0.364 1200 0.412 1200 1.000 	3439.390340	1	26.000000
154.0	2100 0.547 2100 0.560 2100 0.550 1800 0.505 1200 0.462 1200 1.000 1200 0.652 1200 1.000 	2957.762808	2	613.000000
155.0	2100 0.792 2100 0.566 2100 0.822 1800 0.679 1200 0.422 1200 0.330 1200 0.447 1200 1.000 	3670.540989	1	310.000000
156.0	2100 0.801 2100 0.794 2100 0.471 1800 0.635 1200 1.000 1200 0.667 1200 0.627 1200 0.649 	3575.664310	1	429.000000
157.0	2100 0.560 2100 0.544 2100 0.572 1800 0.695 1200 0.603 1200 0.406 1200 1.000 1200 1.000 	3133.693687	2	628.000000
158.0	2100 0.812 2100 0.861 2100 0.523 1800 0.635 1200 0.482 1200 0.434 1200 0.450 1200 1.000 	3672.558120	1	269.000000
159.0	2100 0.550 2100 0.432 2100 0.571 1800 0.633 1200 0.620 1200 1.000 1200 1.000 1200 0.582 	2947.082882	2	783.000000
160.0	2100 0.653 2100 0.631 2100 0.766 1800 0.833 1200 0.515 1200 1.000 1200 0.423 1200 0.631 	3681.514567	1	227.000000
161.0	2100 0.600 2100 0.464 2100 0.555 1800 0.657 1200 0.566 1200 0.678 1200 1.000 1200 1.000 	3057.592650	2	690.000000
162.0	2100 0.730 2100 0.430 2100 0.795 1800 0.713 1200 0.643 1200 0.473 1200 0.689 1200 1.000 	3484.247814	1	382.000000
163.0	2100 0.844 2100 0.597 2100 0.522 1800 0.887 1200 0.624 1200 0.628 1200 1.000 1200 0.603 	3651.042271	1	217.000000
164.0	2100 0.549 2100 0.509 2100 0.603 1900 0.627 1200 0.715 1200 0.489 1200 1.000 1200 1.000 	3137.878376	2	405.000000
165.0	2100 0.775 2100 0.454 2100 0.778 1900 0.627 1200 0.393 1200 0.374 1200 0.986 1200 0.508 	3467.777830	0	0.000000
166.0	2100 0.578 2100 0.590 2100 0.594 1900 0.000 1200 1.000 1200 1.000 1200 1.000 1200 0.672 	2727.200317	3	948.000000
167.0	2100 0.531 2100 0.943 2100 0.844 1300 1.000 1200 0.293 1200 0.464 1200 0.632 1200 0.491 	3647.114908	1	671.000000
168.0	2100 1.000 2100 0.641 2100 0.746 1400 0.646 400 0.875 1200 0.668 1200 1.000 1200 0.474 	3652.730311	2	382.076923
169.0	2100 0.579 2100 0.608 2100 0.570 1400 0.000 500 1.000 1200 1.000 1200 1.000 1200 1.000 	2666.397827	4	1206.000000
170.0	2100 0.695 2100 0.911 2100 0.586 1300 0.838 600 0.885 1200 0.535 1200 0.615 1200 1.000 	3480.285707	1	243.000000
171.0	2100 0.597 2100 0.594 2100 0.501 1300 0.894 700 0.731 1200 1.000 1200 0.618 1200 1.000 	2920.162112	2	950.000000
172.0	2100 0.609 2100 0.611 2100 0.857 1400 1.000 700 0.963 1200 0.695 1200 0.627 1200 1.000 	3457.953040	2	162.500000
173.0	2100 0.650 2100 0.435 2100 0.803 1500 1.000 800 0.581 1200 0.677 1200 0.602 1200 1.000 	3277.487340	2	386.000000
174.0	2100 0.643 2100 0.569 2100 0.434 1600 0.718 800 0.934 1200 1.000 1200 0.734 1200 1.000 	2949.781247	2	883.000000
175.0	2100 0.914 2100 0.578 2100 0.702 1600 0.714 900 0.697 1200 0.692 1200 1.000 1200 0.697 	3614.252317	1	644.000000
176.0	2100 0.546 2100 0.587 2100 0.581 1600 0.727 900 0.922 1200 1.000 1200 1.000 1200 0.613 	3046.501026	2	427.000000
177.0	2100 0.552 2100 0.482 2100 0.557 1600 0.720 1000 0.459 1200 1.000 1200 1.000 1200 0.614 	2856.503958	2	313.000000
178.0	2100 0.834 2100 0.454 2100 0.874 1600 0.595 1000 0.669 1200 0.419 1200 1.000 1200 0.656 	3465.699057	1	183.000000
179.0	2100 0.585 2100 0.437 2100 0.591 1600 0.750 1000 0.708 1200 0.507 1200 1.000 1200 1.000 	2910.404757	2	426.000000
180.0	2100 0.800 2100 0.542 2100 0.779 1600 0.732 1000 0.701 1200 0.414 1200 1.000 1200 0.423 	3470.671037	1	283.000000
181.0	2100 0.559 2100 0.516 2100 0.563 1600 0.722 1000 0.610 1200 0.988 1200 0.708 1200 1.000 	2941.133364	1	275.000000
182.0	2100 0.551 2100 0.536 2100 0.570 1600 0.755 1000 0.811 1200 1.000 1200 0.684 1200 1.000 	2999.897831	2	355.000000
183.0	2100 0.540 2100 0.490 2100 0.544 1600 0.734 1000 1.000 1200 0.484 1200 0.498 1200 1.000 	2809.340536	2	695.000000
184.0	2100 0.778 2100 0.565 2100 0.664 1600 0.896 1100 0.533 1200 1.000 1200 0.643 1200 0.504 	3459.775458	1	50.000000
185.0	2100 0.570 2100 0.553 2100 0.554 1700 0.000 1100 1.000 1200 0.588 1200 1.000 1200 1.000 	2584.868730	3	1171.000000
186.0	2100 0.640 2100 1.000 2100 0.937 1300 1.000 1200 0.382 1200 0.696 1200 0.642 1200 0.572 	4033.569133	2	322.269231
187.0	2100 0.651 2100 0.640 2100 0.547 1400 0.000 1200 1.000 1200 1.000 1200 0.572 1200 1.000 	2812.710806	3	597.000000
188.0	2100 0.747 2100 0.466 2100 0.789 1300 1.000 1200 0.447 1200 1.000 1200 0.546 1200 0.502 	3318.314676	2	220.000000
189.0	2100 0.560 2100 0.488 2100 0.568 1400 0.894 1200 1.000 1200 1.000 1200 0.444 1200 0.683 	2873.158999	2	530.000000
190.0	2100 0.548 2100 0.461 2100 0.833 1500 1.000 1200 0.486 1200 0.663 1200 0.594 1200 1.000 	3245.136752	2	120.000000
191.0	2100 0.581 2100 0.575 2100 0.565 1600 0.000 1200 1.000 1200 0.701 1200 1.000 1200 1.000 	2676.392540	3	1173.000000
192.0	2100 0.639 2100 0.987 2100 1.000 1300 1.000 1200 0.475 1200 0.518 1200 0.317 1200 0.683 	4058.647192	2	48.000000
193.0	2100 0.586 2100 0.586 2100 0.570 1400 0.657 1200 1.000 1200 0.689 1200 0.461 1200 1.000 	2931.220317	2	283.000000
194.0	2100 0.552 2100 0.448 2100 0.570 1400 0.898 1200 1.000 1200 0.648 1200 1.000 1200 0.523 	2821.212796	2	644.000000
195.0	2100 0.929 2100 0.559 2100 0.561 1500 0.875 1200 0.472 1200 0.673 1200 0.557 1200 1.000 	3440.401499	1	114.000000
196.0	2100 0.589 2100 0.592 2100 0.555 1600 0.000 1200 1.000 1200 0.599 1200 1.000 1200 1.000 	2683.836984	3	619.000000
197.0	2100 0.513 2100 0.829 2100 0.603 1300 1.000 1200 0.728 1200 0.448 1200 1.000 1200 0.593 	3277.347888	2	437.500000
198.0	2100 0.629 2100 0.429 2100 0.575 1400 0.899 1200 0.640 1200 0.477 1200 1.000 1200 1.000 	2895.075873	2	659.000000
199.0	2100 0.514 2100 0.569 2100 0.585 1500 0.821 1200 0.659 1200 1.000 1200 0.538 1200 1.000 	2982.588159	2	768.000000
200.0	2100 0.594 2100 0.840 2100 0.580 1500 1.000 1200 0.412 1200 0.656 1200 0.596 1200 1.000 	3457.809267	2	220.500000
201.0	2100 0.585 2100 0.614 2100 0.544 1600 0.000 1200 1.000 1200 0.603 1200 1.000 1200 0.992 	2692.527460	2	653.000000
202.0	2100 0.568 2100 0.563 2100 0.570 1300 0.899 1200 1.000 1200 0.541 1200 0.438 1200 1.000 	2946.749292	2	400.000000
203.0	2100 0.821 2100 0.489 2100 0.802 1400 0.909 1200 0.573 1200 0.693 1200 0.563 1200 1.000 	3481.613956	1	389.000000
204.0	2100 0.869 2100 0.536 2100 0.572 1500 0.972 1200 0.690 1200 0.457 1200 0.599 1200 1.000 	3404.727612	1	379.000000
205.0	2100 0.548 2100 0.547 2100 0.595 1600 0.779 1200 1.000 1200 0.701 1200 0.623 1200 1.000 	3068.694864	2	840.000000
206.0	2100 0.603 2100 0.823 2100 0.525 1600 1.000 1200 0.558 1200 0.577 1200 1.000 1200 0.648 	3475.106654	2	232.000000
207.0	2100 0.614 2100 0.473 2100 0.583 1700 0.744 1200 0.562 1200 1.000 1200 1.000 1200 0.494 	3082.983878	2	131.000000
208.0	2100 0.435 2100 0.565 2100 0.578 1700 0.688 1200 0.529 1200 1.000 1200 1.000 1200 0.544 	2923.985619	2	362.000000
209.0	2100 0.543 2100 0.570 2100 0.590 1700 0.727 1200 0.579 1200 1.000 1200 0.682 1200 1.000 	3138.867535	2	378.000000
210.0	2100 0.486 2100 0.554 2100 0.577 1700 0.693 1200 1.000 1200 1.000 1200 0.595 1200 0.644 	2998.765994	2	735.000000
211.0	2100 0.541 2100 0.541 2100 0.868 1700 0.969 1200 0.403 1200 0.372 1200 1.000 1200 0.528 	3516.496500	1	148.000000
212.0	2100 0.583 2100 0.597 2100 0.584 1800 0.508 1200 0.611 1200 1.000 1200 0.549 1200 1.000 	3103.996654	2	585.000000
213.0	2100 0.558 2100 0.560 2100 0.579 1800 0.634 1200 0.750 1200 0.620 1200 1.000 1200 1.000 	3152.141001	2	852.000000
214.0	2100 0.564 2100 0.739 2100 0.851 1800 0.655 1200 0.604 1200 1.000 1200 0.586 1200 0.567 	3684.366520	1	400.000000
215.0	2100 0.555 2100 0.471 2100 0.549 1800 0.703 1200 0.664 1200 1.000 1200 1.000 1200 0.719 	3055.701709	2	835.000000
216.0	2100 0.560 2100 0.846 2100 0.516 1800 0.938 1200 1.000 1200 0.503 1200 0.557 1200 0.403 	3592.547509	1	178.000000
217.0	2100 0.559 2100 0.550 2100 0.597 1900 0.000 1200 1.000 1200 0.722 1200 1.000 1200 1.000 	2661.380000	3	1288.000000
218.0	2100 1.000 2100 1.000 2100 0.603 1300 0.927 1200 0.437 1200 0.573 1200 0.347 1200 0.569 	3989.556013	2	629.384615
219.0	2100 0.642 2100 0.650 2100 0.581 1400 0.000 1200 1.000 1200 1.000 1200 0.716 1200 1.000 	2874.419768	3	632.000000
220.0	2100 0.806 2100 0.615 2100 0.872 1300 0.684 1200 0.446 1200 1.000 1200 0.516 1200 0.671 	3573.040903	1	178.000000
221.0	2100 0.574 2100 0.456 2100 0.575 1300 0.951 1200 1.000 1200 0.462 1200 0.678 1200 1.000 	2864.788034	2	600.000000
222.0	2100 0.481 2100 0.563 2100 0.552 1400 0.876 1200 1.000 1200 0.687 1200 0.706 1200 1.000 	2871.626825	2	1264.000000
223.0	2100 0.572 2100 0.848 2100 0.586 1500 1.000 1200 0.593 1200 0.486 1200 1.000 1200 0.748 	3468.720647	2	377.000000
224.0	2100 0.694 2100 0.571 2100 0.423 1600 0.762 1200 0.601 1200 1.000 1200 1.000 1200 0.702 	3054.390994	2	222.000000
225.0	2100 0.592 2100 0.489 2100 0.596 1600 0.761 1200 0.635 1200 1.000 1200 0.598 1200 1.000 	3031.618397	2	722.000000
226.0	2100 0.900 2100 0.570 2100 0.705 1600 0.740 1200 0.628 1200 0.997 1200 0.604 1200 0.559 	3604.110121	0	0.000000
227.0	2100 0.560 2100 0.563 2100 0.571 1600 0.000 1200 1.000 1200 1.000 1200 1.000 1200 0.659 	2638.489365	3	1269.000000
228.0	2100 0.622 2100 0.866 2100 1.000 1300 1.000 1200 0.449 1200 0.571 1200 0.498 1200 0.572 	3893.204591	2	479.076923
229.0	2100 0.726 2100 0.590 2100 0.570 1400 0.636 1200 0.682 1200 1.000 1200 0.660 1200 1.000 	3131.811746	2	709.000000
230.0	2100 0.773 2100 0.844 2100 0.514 1400 0.898 1200 1.000 1200 0.399 1200 0.577 1200 0.435 	3450.053907	1	20.000000
231.0	2100 0.544 2100 0.566 2100 0.595 1500 0.000 1200 1.000 1200 0.713 1200 1.000 1200 1.000 	2657.378889	3	1191.000000
232.0	2100 0.856 2100 0.811 2100 0.683 1300 0.991 1200 0.645 1200 1.000 1200 0.667 1200 0.546 	3805.483284	1	225.000000
233.0	2100 0.545 2100 0.510 2100 0.595 1400 0.856 1200 1.000 1200 0.438 1200 1.000 1200 0.495 	2876.394481	2	320.000000
234.0	2100 0.670 2100 0.539 2100 0.901 1500 0.760 1200 0.713 1200 0.522 1200 0.704 1200 1.000 	3488.750908	1	31.000000
235.0	2100 0.578 2100 0.449 2100 0.540 1500 0.824 1200 1.000 1200 0.733 1200 0.615 1200 1.000 	2872.964520	2	666.000000
236.0	2100 0.472 2100 0.561 2100 0.565 1500 0.808 1200 1.000 1200 0.677 1200 1.000 1200 0.673 	2904.691878	2	509.000000
237.0	2100 0.800 2100 0.731 2100 0.456 1500 0.854 1200 0.353 1200 1.000 1200 0.538 1200 0.447 	3304.578098	1	164.000000
238.0	2100 0.588 2100 0.494 2100 0.600 1600 0.735 1200 0.627 1200 1.000 1200 0.676 1200 1.000 	3029.474330	2	658.000000
239.0	2100 0.763 2100 0.538 2100 0.783 1600 0.866 1200 0.633 1200 0.312 1200 0.939 1200 0.598 	3525.907292	0	0.000000
240.0	2100 0.550 2100 0.581 2100 0.547 1700 0.000 1200 0.749 1200 1.000 1200 1.000 1200 1.000 	2627.961429	3	1993.000000
241.0	2100 0.721 2100 1.000 2100 1.000 1300 1.000 1200 0.502 1200 0.439 1200 0.476 1200 0.300 	4147.419267	3	848.576923
242.0	2100 0.566 2100 0.693 2100 0.730 1400 0.000 1200 1.000 1200 1.000 1200 0.631 1200 1.000 	3013.318779	3	1342.000000
243.0	2100 0.567 2100 1.000 2100 0.921 1300 1.000 1200 0.540 1200 0.598 1200 0.393 1200 0.536 	3890.745104	2	767.807692
244.0	2100 0.770 2100 0.639 2100 0.602 1400 0.000 1200 0.635 1200 1.000 1200 1.000 1200 1.000 	3043.801941	3	959.000000
245.0	2100 0.969 2100 0.649 2100 0.867 1300 1.000 1200 0.615 1200 0.419 1200 0.486 1200 0.651 	3900.442173	1	387.500000
246.0	2100 0.561 2100 0.670 2100 0.550 1400 0.651 1200 0.671 1200 1.000 1200 1.000 1200 0.619 	2995.169902	2	889.000000
247.0	2100 0.853 2100 0.753 2100 0.552 1400 0.906 1200 0.584 1200 1.000 1200 0.653 1200 0.643 	3545.446337	1	314.000000
248.0	2100 0.744 2100 0.446 2100 0.781 1500 0.949 1200 0.648 1200 0.483 1200 0.548 1200 0.971 	3373.993338	0	0.000000
249.0	2100 0.594 2100 0.545 2100 0.553 1600 0.000 1200 0.735 1200 1.000 1200 1.000 1200 1.000 	2644.209841	3	1069.000000
250.0	2100 0.898 2100 0.639 2100 0.797 1300 0.959 1200 0.373 1200 0.433 1200 0.421 1200 1.000 	3693.685014	1	222.000000
251.0	2100 0.673 2100 0.471 2100 0.812 1400 0.895 1200 0.385 1200 1.000 1200 0.423 1200 0.434 	3202.078938	1	188.000000
252.0	2100 0.550 2100 0.553 2100 0.561 1500 0.000 1200 1.000 1200 1.000 1200 0.532 1200 1.000 	2581.452857	3	833.000000
253.0	2100 0.681 2100 0.755 2100 0.790 1300 0.722 1200 0.708 1200 1.000 1200 0.477 1200 0.563 	3518.756701	1	107.000000
254.0	2100 0.560 2100 0.429 2100 0.563 1300 0.972 1200 1.000 1200 1.000 1200 0.539 1200 0.510 	2793.598596	2	563.000000
255.0	2100 0.577 2100 0.545 2100 0.549 1400 0.874 1200 0.704 1200 1.000 1200 1.000 1200 0.703 	2970.461477	2	919.000000
256.0	2100 0.636 2100 0.511 2100 0.963 1500 0.758 1200 0.359 1200 0.575 1200 1.000 1200 0.739 	3454.056801	1	48.000000
257.0	2100 0.584 2100 0.551 2100 0.559 1500 0.000 1200 1.000 1200 0.729 1200 1.000 1200 1.000 	2646.760159	3	1438.000000
258.0	2100 0.942 2100 0.634 2100 1.000 1300 1.000 1200 0.483 1200 0.464 1200 0.479 1200 0.496 	3985.784750	2	938.076923
259.0	2100 0.486 2100 1.000 2100 0.800 1400 0.842 1200 0.500 1200 0.326 1200 1.000 1200 0.592 	3625.255299	2	208.576923
260.0	2100 0.546 2100 0.596 2100 0.595 1400 0.000 1200 1.000 1200 0.665 1200 1.000 1200 1.000 	2693.464017	3	1369.000000
261.0	2100 0.935 2100 0.614 2100 0.973 1300 1.000 1200 0.615 1200 0.688 1200 0.669 1200 0.380 	3969.326166	1	788.500000
262.0	2100 0.557 2100 0.833 2100 0.603 1400 0.646 1200 0.452 1200 1.000 1200 0.502 1200 1.000 	3224.813089	2	221.000000
263.0	2100 0.445 2100 0.568 2100 0.580 1400 0.859 1200 1.000 1200 0.657 1200 0.460 1200 1.000 	2826.189792	2	290.000000
264.0	2100 0.557 2100 0.437 2100 0.577 1500 0.776 1200 1.000 1200 0.521 1200 0.451 1200 1.000 	2804.398657	2	557.000000
265.0	2100 0.506 2100 0.949 2100 0.597 1500 0.865 1200 0.700 1200 0.447 1200 1.000 1200 0.563 	3440.790327	1	245.000000
266.0	2100 0.556 2100 0.599 2100 0.581 1600 0.000 1200 1.000 1200 1.000 1200 0.668 1200 1.000 	2692.822857	3	891.000000
267.0	2100 0.575 2100 1.000 2100 1.000 1300 0.942 1200 0.446 1200 0.322 1200 0.527 1200 0.374 	3928.173883	2	289.038462
268.0	2100 0.552 2100 0.681 2100 0.599 1400 0.000 1200 1.000 1200 0.737 1200 1.000 1200 1.000 	2825.710659	3	810.000000
269.0	2100 0.725 2100 0.650 2100 0.844 1300 0.822 1200 0.544 1200 1.000 1200 0.661 1200 0.700 	3571.553223	1	260.000000
270.0	2100 0.596 2100 0.464 2100 0.570 1300 0.934 1200 0.725 1200 1.000 1200 1.000 1200 0.558 	2907.434640	2	786.000000
271.0	2100 0.580 2100 0.962 2100 0.550 1400 1.000 1200 0.736 1200 0.642 1200 1.000 1200 0.637 	3519.711429	2	536.000000
272.0	2100 0.835 2100 0.605 2100 0.810 1500 0.755 1200 1.000 1200 0.632 1200 0.373 1200 0.712 	3637.750154	1	35.000000
273.0	2100 0.542 2100 0.438 2100 0.595 1500 0.780 1200 1.000 1200 1.000 1200 0.576 1200 0.696 	2849.294159	2	834.000000
274.0	2100 0.531 2100 0.967 2100 0.543 1500 0.929 1200 0.493 1200 0.634 1200 1.000 1200 0.642 	3467.569502	1	87.000000
275.0	2100 0.569 2100 0.545 2100 0.547 1600 0.000 1200 0.729 1200 1.000 1200 1.000 1200 1.000 	2604.202698	3	1048.000000
276.0	2100 1.000 2100 1.000 2100 0.534 1300 0.893 1200 0.584 1200 0.373 1200 0.337 1200 0.679 	3892.660989	2	368.615385
277.0	2100 0.599 2100 0.658 2100 0.562 1400 0.000 1200 1.000 1200 1.000 1200 0.632 1200 1.000 	2795.330867	3	1069.000000
278.0	2100 0.788 2100 0.963 2100 0.577 1300 1.000 1200 0.683 1200 0.370 1200 0.479 1200 0.577 	3688.687070	1	757.500000
279.0	2100 0.561 2100 0.803 2100 0.575 1400 0.000 1200 0.537 1200 1.000 1200 1.000 1200 1.000 	2938.592857	3	1004.000000
280.0	2100 0.594 2100 0.930 2100 0.674 1300 0.891 1200 0.546 1200 0.512 1200 0.332 1200 1.000 	3508.914503	1	128.000000
281.0	2100 0.590 2100 0.586 2100 0.563 1400 0.000 1200 1.000 1200 1.000 1200 0.549 1200 1.000 	2682.547460	3	502.000000
282.0	2100 0.517 2100 0.907 2100 0.635 1300 0.962 1200 0.728 1200 1.000 1200 0.486 1200 0.632 	3418.610024	1	210.000000
283.0	2100 0.585 2100 0.442 2100 0.572 1400 0.814 1200 0.573 1200 1.000 1200 1.000 1200 0.526 	2811.494469	2	649.000000
284.0	2100 0.958 2100 0.519 2100 0.616 1400 0.949 1200 0.598 1200 0.725 1200 0.688 1200 1.000 	3498.312222	1	36.000000
285.0	2100 0.546 2100 0.552 2100 0.422 1500 0.789 1200 0.658 1200 1.000 1200 1.000 1200 0.503 	2769.745604	2	397.000000
286.0	2100 0.561 2100 0.897 2100 0.474 1500 1.000 1200 0.683 1200 0.554 1200 1.000 1200 0.627 	3376.672039	2	187.000000
287.0	2100 0.548 2100 0.556 2100 0.498 1600 0.730 1200 1.000 1200 0.538 1200 0.495 1200 1.000 	2889.866716	2	377.000000
288.0	2100 0.855 2100 0.453 2100 0.698 1600 0.840 1200 0.458 1200 1.000 1200 0.494 1200 0.458 	3402.078143	1	31.000000
289.0	2100 0.555 2100 0.597 2100 0.588 1600 0.000 1200 0.688 1200 1.000 1200 1.000 1200 1.000 	2699.700794	3	770.000000
290.0	2100 0.567 2100 0.753 2100 1.000 1300 1.000 1200 0.557 1200 0.707 1200 0.334 1200 0.568 	3686.508657	2	712.038462
291.0	2100 0.752 2100 0.626 2100 0.568 1400 0.000 1200 1.000 1200 1.000 1200 1.000 1200 0.623 	2958.868278	3	800.000000
292.0	2100 0.936 2100 0.592 2100 0.577 1300 1.000 1200 0.544 1200 0.499 1200 1.000 1200 0.548 	3461.159780	2	671.500000
293.0	2100 0.633 2100 0.497 2100 0.826 1400 1.000 1200 0.722 1200 0.661 1200 1.000 1200 0.543 	3334.128254	2	632.000000
294.0	2100 0.740 2100 0.434 2100 0.567 1500 0.773 1200 1.000 1200 0.666 1200 1.000 1200 0.600 	3060.226068	2	633.000000
295.0	2100 1.000 2100 0.497 2100 0.994 1500 0.760 1200 0.580 1200 0.706 1200 0.375 1200 0.467 	3878.931519	1	112.153846
296.0	2100 0.564 2100 0.614 2100 0.572 1500 0.000 1200 0.680 1200 1.000 1200 1.000 1200 1.000 	2712.746764	3	1014.000000
297.0	2100 0.561 2100 0.582 2100 0.555 1300 0.953 1200 0.719 1200 0.608 1200 1.000 1200 1.000 	3007.386007	2	548.000000
298.0	2100 0.436 2100 0.808 2100 0.739 1400 0.924 1200 0.527 1200 0.704 1200 1.000 1200 0.687 	3334.434799	1	420.000000
299.0	2100 0.597 2100 0.573 2100 0.543 1500 0.774 1200 0.633 1200 1.000 1200 1.000 1200 0.554 	3015.163441	2	482.000000
300.0	2100 0.663 2100 0.494 2100 0.995 1500 0.781 1200 0.548 1200 0.488 1200 0.648 1200 1.000 	3522.379875	0	0.000000
301.0	2100 0.597 2100 0.600 2100 0.557 1500 0.000 1200 0.719 1200 1.000 1200 1.000 1200 1.000 	2722.450952	3	1433.000000
302.0	2100 0.638 2100 0.905 2100 1.000 1300 1.000 1200 0.492 1200 0.324 1200 0.706 1200 0.464 	3951.930513	2	609.153846
303.0	2100 0.674 2100 0.711 2100 0.564 1400 0.000 1200 1.000 1200 1.000 1200 0.697 1200 1.000 	2971.079939	3	989.000000
304.0	2100 0.858 2100 0.618 2100 0.540 1300 1.000 1200 0.579 1200 0.571 1200 1.000 1200 0.599 	3366.530110	2	660.500000
305.0	2100 0.661 2100 0.456 2100 0.552 1400 0.830 1200 1.000 1200 0.380 1200 0.567 1200 1.000 	2890.446435	2	323.000000
306.0	2100 0.575 2100 0.542 2100 0.600 1400 0.000 1200 1.000 1200 0.746 1200 1.000 1200 1.000 	2677.062063	3	1014.000000
307.0	2100 0.784 2100 0.511 2100 0.828 1300 0.909 1200 0.539 1200 0.507 1200 0.697 1200 1.000 	3465.503077	1	452.000000
308.0	2100 0.551 2100 0.473 2100 0.580 1400 0.832 1200 1.000 1200 1.000 1200 0.553 1200 0.457 	2815.310769	2	297.000000
309.0	2100 0.950 2100 0.452 2100 0.621 1400 0.915 1200 0.600 1200 1.000 1200 0.482 1200 0.394 	3327.273712	1	183.000000
310.0	2100 0.582 2100 0.593 2100 0.544 1500 0.000 1200 0.701 1200 1.000 1200 1.000 1200 1.000 	2674.346508	3	1131.000000
311.0	2100 0.679 2100 0.947 2100 0.619 1300 0.808 1200 0.631 1200 1.000 1200 0.507 1200 0.585 	3577.240708	1	437.000000
312.0	2100 0.597 2100 0.560 2100 0.572 1300 0.875 1200 1.000 1200 0.527 1200 1.000 1200 0.570 	2984.898559	2	548.000000
313.0	2100 0.458 2100 0.600 2100 0.566 1400 0.854 1200 1.000 1200 0.746 1200 1.000 1200 0.554 	2887.512039	2	595.000000
314.0	2100 0.432 2100 0.585 2100 0.595 1500 0.836 1200 1.000 1200 1.000 1200 0.752 1200 0.553 	2930.449321	2	735.000000
315.0	2100 0.837 2100 1.000 2100 0.768 1500 0.615 1200 0.569 1200 0.419 1200 0.548 1200 0.482 	3934.780513	1	104.076923
316.0	2100 0.480 2100 0.880 2100 0.712 1500 0.730 1200 1.000 1200 0.513 1200 0.672 1200 0.455 	3384.431800	1	116.000000
317.0	2100 0.596 2100 0.571 2100 0.602 1500 0.601 1200 1.000 1200 1.000 1200 0.522 1200 0.501 	2974.578498	2	582.000000
318.0	2100 0.511 2100 0.833 2100 0.823 1500 0.693 1200 1.000 1200 0.543 1200 0.473 1200 0.353 	3455.722313	1	260.000000
319.0	2100 0.850 2100 0.528 2100 0.746 1500 0.828 1200 0.609 1200 1.000 1200 0.523 1200 0.620 	3519.567924	1	234.000000
320.0	2100 0.591 2100 0.601 2100 0.578 1500 0.000 1200 0.605 1200 1.000 1200 1.000 1200 1.000 	2729.163810	3	820.000000
321.0	2100 0.847 2100 0.676 2100 0.761 1300 0.711 1200 0.689 1200 0.559 1200 0.658 1200 1.000 	3607.800348	1	299.000000
322.0	2100 0.599 2100 0.561 2100 0.510 1300 0.924 1200 0.598 1200 0.642 1200 1.000 1200 1.000 	2948.315299	2	723.000000
323.0	2100 0.592 2100 0.761 2100 0.577 1400 1.000 1200 0.618 1200 0.551 1200 1.000 1200 0.437 	3260.657253	2	744.000000
324.0	2100 0.670 2100 0.541 2100 0.571 1500 0.804 1200 0.515 1200 1.000 1200 0.538 1200 1.000 	3102.160752	2	342.000000
325.0	2100 0.452 2100 0.766 2100 0.844 1500 0.761 1200 1.000 1200 0.530 1200 0.446 1200 0.577 	3377.833600	1	169.000000
326.0	2100 0.544 2100 0.561 2100 0.553 1500 0.000 1200 1.000 1200 1.000 1200 1.000 1200 0.637 	2588.743968	3	973.000000
327.0	2100 0.570 2100 0.789 2100 0.800 1300 0.889 1200 1.000 1200 0.627 1200 0.494 1200 0.507 	3488.228200	1	259.000000
328.0	2100 0.499 2100 0.560 2100 0.579 1400 0.842 1200 0.727 1200 1.000 1200 1.000 1200 0.575 	2899.731038	2	261.000000
329.0	2100 0.797 2100 0.450 2100 0.750 1400 0.879 1200 0.642 1200 0.618 1200 0.656 1200 0.959 	3327.458803	0	0.000000
330.0	2100 0.585 2100 0.596 2100 0.589 1500 0.000 1200 1.000 1200 0.988 1200 0.644 1200 1.000 	2732.164603	2	222.000000
331.0	2100 0.561 2100 0.597 2100 0.563 1300 0.000 1200 1.000 1200 0.601 1200 1.000 1200 1.000 	2665.220159	3	881.000000
332.0	2100 0.715 2100 0.832 2100 0.658 1300 0.911 1200 0.683 1200 0.416 1200 1.000 1200 0.579 	3564.064022	1	274.000000
333.0	2100 0.689 2100 0.758 2100 0.646 1400 0.653 1200 0.366 1200 0.685 1200 0.633 1200 1.000 	3324.749121	1	10.000000
334.0	2100 0.554 2100 0.544 2100 0.597 1400 0.000 1200 1.000 1200 0.733 1200 1.000 1200 1.000 	2648.095238	3	1290.000000
335.0	2100 0.945 2100 0.574 2100 0.876 1300 1.000 1200 0.342 1200 0.457 1200 0.408 1200 0.457 	3720.213663	1	279.500000
336.0	2100 0.573 2100 0.649 2100 0.585 1400 0.000 1200 0.758 1200 1.000 1200 1.000 1200 1.000 	2795.031270	3	1793.000000
337.0	2100 0.661 2100 0.979 2100 0.975 1300 1.000 1200 0.342 1200 0.603 1200 0.678 1200 0.689 	4083.831844	1	698.500000
338.0	2100 0.558 2100 0.794 2100 0.597 1400 0.641 1200 0.706 1200 1.000 1200 0.444 1200 1.000 	3190.809878	2	429.000000
339.0	2100 0.888 2100 0.442 2100 0.879 1400 1.000 1200 0.347 1200 0.542 1200 0.378 1200 0.687 	3540.258046	1	567.000000
340.0	2100 0.603 2100 0.747 2100 0.589 1500 0.000 1200 1.000 1200 1.000 1200 1.000 1200 0.675 	2953.904762	3	1510.000000
341.0	2100 0.551 2100 0.934 2100 1.000 1300 1.000 1200 0.321 1200 0.592 1200 0.359 1200 0.349 	3832.172381	2	454.461538
342.0	2100 0.643 2100 0.623 2100 0.559 1400 0.000 1200 0.652 1200 1.000 1200 1.000 1200 1.000 	2805.626166	3	1295.000000
343.0	2100 0.976 2100 0.971 2100 0.585 1300 1.000 1200 0.592 1200 0.587 1200 0.406 1200 0.538 	3954.186129	1	473.000000
344.0	2100 0.552 2100 0.694 2100 0.559 1400 0.000 1200 1.000 1200 1.000 1200 1.000 1200 0.697 	2785.646508	3	1020.000000
345.0	2100 0.728 2100 0.775 2100 0.749 1300 0.937 1200 0.409 1200 0.483 1200 1.000 1200 0.538 	3605.454026	1	361.000000
346.0	2100 0.548 2100 0.563 2100 0.603 1400 0.812 1200 1.000 1200 0.670 1200 1.000 1200 0.589 	2978.729878	2	529.000000
347.0	2100 0.864 2100 0.490 2100 0.643 1400 1.000 1200 1.000 1200 0.508 1200 0.558 1200 0.528 	3344.822308	2	413.500000
348.0	2100 0.569 2100 0.468 2100 0.602 1500 0.830 1200 1.000 1200 0.673 1200 0.483 1200 1.000 	2944.541724	2	398.000000
349.0	2100 0.495 2100 0.874 2100 0.729 1500 0.822 1200 0.401 1200 1.000 1200 0.642 1200 0.605 	3468.871502	1	242.000000
350.0	2100 0.590 2100 0.460 2100 0.552 1500 0.809 1200 0.657 1200 1.000 1200 0.604 1200 1.000 	2899.159255	2	434.000000
351.0	2100 0.565 2100 0.555 2100 0.541 1500 0.000 1200 1.000 1200 1.000 1200 1.000 1200 0.545 	2580.547619	3	961.000000
352.0	2100 0.718 2100 0.840 2100 0.590 1300 0.917 1200 0.577 1200 0.393 1200 0.706 1200 1.000 	3491.774459	1	286.000000
353.0	2100 0.567 2100 0.447 2100 0.544 1400 0.870 1200 0.551 1200 0.686 1200 1.000 1200 1.000 	2801.709646	2	407.000000
354.0	2100 0.688 2100 0.505 2100 0.890 1500 0.829 1200 0.489 1200 0.431 1200 0.498 1200 1.000 	3425.672838	1	371.000000
355.0	2100 0.603 2100 0.538 2100 0.542 1500 0.833 1200 1.000 1200 0.463 1200 0.681 1200 1.000 	3001.343524	2	770.000000
356.0	2100 0.587 2100 0.542 2100 0.915 1500 1.000 1200 0.559 1200 1.000 1200 0.507 1200 0.683 	3506.562845	2	244.500000
357.0	2100 0.550 2100 0.578 2100 0.492 1600 0.725 1200 1.000 1200 1.000 1200 0.458 1200 0.515 	2903.051799	2	344.000000
358.0	2100 0.422 2100 0.568 2100 0.569 1600 0.748 1200 1.000 1200 0.529 1200 0.662 1200 1.000 	2864.457529	2	482.000000
359.0	2100 0.452 2100 0.595 2100 0.551 1600 0.791 1200 0.569 1200 0.744 1200 1.000 1200 1.000 	2957.569802	2	663.000000
360.0	2100 0.609 2100 0.762 2100 0.462 1600 0.969 1200 0.456 1200 0.489 1200 1.000 1200 0.423 	3253.057463	1	271.000000
361.0	2100 0.591 2100 0.464 2100 0.587 1700 0.716 1200 0.680 1200 1.000 1200 1.000 1200 0.700 	3065.219835	2	301.000000
362.0	2100 0.563 2100 0.434 2100 0.580 1700 0.744 1200 0.582 1200 1.000 1200 0.501 1200 1.000 	2966.022255	2	209.000000
363.0	2100 0.491 2100 0.559 2100 0.593 1700 0.735 1200 1.000 1200 1.000 1200 0.484 1200 0.592 	3042.408380	2	289.000000
364.0	2100 0.479 2100 0.579 2100 0.566 1700 0.680 1200 0.481 1200 1.000 1200 0.502 1200 1.000 	2967.386472	2	307.000000
365.0	2100 0.489 2100 0.568 2100 0.540 1700 0.689 1200 0.504 1200 1.000 1200 1.000 1200 0.630 	2956.095133	2	407.000000
366.0	2100 0.485 2100 0.592 2100 0.563 1700 0.736 1200 0.699 1200 1.000 1200 0.666 1200 1.000 	3076.264291	2	595.000000
367.0	2100 0.601 2100 0.463 2100 0.690 1700 1.000 1200 0.692 1200 1.000 1200 0.646 1200 0.696 	3375.818010	2	295.500000
368.0	2100 0.616 2100 0.457 2100 0.601 1800 0.675 1200 0.676 1200 0.694 1200 1.000 1200 1.000 	3158.806728	2	499.000000
369.0	2100 0.572 2100 1.000 2100 0.548 1800 1.000 1200 0.356 1200 0.587 1200 0.624 1200 0.402 	3840.960000	2	466.461538
370.0	2100 0.722 2100 0.624 2100 0.578 1900 0.477 1200 1.000 1200 0.485 1200 1.000 1200 0.514 	3307.085530	2	508.000000
371.0	2100 0.530 2100 0.914 2100 0.545 1900 0.752 1200 1.000 1200 0.475 1200 0.694 1200 0.602 	3627.550456	1	236.000000
372.0	2100 0.540 2100 0.603 2100 0.498 1900 0.631 1200 0.527 1200 1.000 1200 1.000 1200 0.637 	3111.082319	2	353.000000
373.0	2100 0.626 2100 0.456 2100 0.745 1900 0.844 1200 1.000 1200 0.492 1200 0.676 1200 0.514 	3496.231862	1	206.000000
374.0	2100 0.871 2100 0.484 2100 0.569 1900 0.761 1200 0.579 1200 0.573 1200 1.000 1200 0.608 	3550.625357	1	156.000000
375.0	2100 0.577 2100 0.589 2100 0.450 1900 0.657 1200 0.655 1200 1.000 1200 0.987 1200 0.738 	3131.763892	1	631.000000
376.0	2100 0.545 2100 0.525 2100 0.590 1900 0.653 1200 0.579 1200 1.000 1200 1.000 1200 0.702 	3171.759742	2	488.000000
377.0	2100 0.568 2100 0.507 2100 0.776 1900 0.855 1200 1.000 1200 0.509 1200 0.674 1200 0.749 	3567.270481	1	320.000000
378.0	2100 0.598 2100 0.446 2100 0.693 2000 0.848 1200 0.700 1200 0.707 1200 0.942 1200 0.576 	3535.237421	0	0.000000
379.0	2100 0.577 2100 0.597 2100 0.567 2000 0.000 1200 1.000 1200 1.000 1200 0.748 1200 1.000 	2708.777619	3	672.000000
380.0	2100 0.563 2100 0.542 2100 0.580 1300 0.876 1200 0.673 1200 1.000 1200 1.000 1200 0.551 	2945.233724	2	412.000000
381.0	2100 0.577 2100 0.484 2100 0.993 1400 0.880 1200 0.447 1200 0.406 1200 1.000 1200 0.704 	3358.954921	1	339.000000
382.0	2100 0.585 2100 0.490 2100 0.546 1500 0.839 1200 0.718 1200 0.373 1200 0.991 1200 1.000 	2917.109204	1	140.000000
383.0	2100 0.603 2100 0.565 2100 0.592 1500 0.000 1200 1.000 1200 0.666 1200 1.000 1200 0.985 	2720.115714	2	517.000000
384.0	2100 0.492 2100 0.803 2100 0.587 1300 1.000 1200 0.586 1200 1.000 1200 0.669 1200 0.512 	3195.048132	2	858.500000
385.0	2100 0.786 2100 0.469 2100 0.546 1400 0.835 1200 1.000 1200 0.514 1200 0.687 1200 1.000 	3094.146935	2	639.000000
386.0	2100 1.000 2100 0.497 2100 0.995 1400 0.929 1200 0.437 1200 0.681 1200 0.675 1200 0.354 	3895.615092	1	94.692308
387.0	2100 0.576 2100 0.590 2100 0.553 1500 0.000 1200 1.000 1200 0.592 1200 1.000 1200 1.000 	2662.424090	3	1300.000000
388.0	2100 0.613 2100 1.000 2100 1.000 1300 0.941 1200 0.463 1200 0.322 1200 0.337 1200 0.488 	3970.189011	2	638.461538
389.0	2100 0.628 2100 0.723 2100 0.438 1400 0.811 1200 1.000 1200 1.000 1200 0.688 1200 0.697 	3090.540293	2	646.000000
390.0	2100 0.565 2100 1.000 2100 0.625 1400 0.899 1200 0.608 1200 0.989 1200 0.353 1200 0.678 	3552.873321	1	55.961538
391.0	2100 0.617 2100 0.545 2100 0.558 1500 0.000 1200 1.000 1200 1.000 1200 0.444 1200 1.000 	2644.140928	3	442.000000
392.0	2100 0.572 2100 0.590 2100 0.448 1300 0.906 1200 0.665 1200 0.582 1200 1.000 1200 1.000 	2864.789988	2	423.000000
393.0	2100 0.530 2100 0.948 2100 1.000 1400 0.954 1200 0.338 1200 0.673 1200 0.573 1200 0.294 	3855.322149	1	13.307692
394.0	2100 0.593 2100 0.579 2100 0.553 1500 0.612 1200 1.000 1200 0.644 1200 1.000 400 1.000 	2900.174469	3	932.000000
395.0	2100 0.686 2100 0.551 2100 0.841 1500 0.971 1200 1.000 1200 0.582 1200 0.611 500 1.000 	3496.620147	2	290.000000
396.0	2100 0.849 2100 0.641 2100 0.695 1600 0.566 1200 1.000 1200 0.478 1200 0.674 600 1.000 	3465.846064	2	353.000000
397.0	2100 0.597 2100 0.603 2100 0.543 1600 0.000 1200 0.858 1200 1.000 1200 1.000 700 1.000 	2645.157778	3	1655.000000
398.0	2100 0.608 2100 1.000 2100 0.961 1300 1.000 1200 0.485 1200 0.467 1200 0.702 800 0.990 	3994.408083	2	482.923077
399.0	2100 0.604 2100 0.740 2100 0.565 1400 0.638 1200 1.000 1200 0.557 1200 1.000 900 0.487 	3100.309866	2	359.000000
400.0	2100 0.549 2100 0.543 2100 0.603 1400 0.896 1200 1.000 1200 1.000 1200 0.701 900 0.558 	2963.825726	2	781.000000
401.0	2100 0.511 2100 0.885 2100 0.581 1500 1.000 1200 0.576 1200 1.000 1200 0.648 900 0.762 	3410.481368	2	470.500000
402.0	2100 0.603 2100 0.653 2100 0.455 1600 0.730 1200 1.000 1200 0.424 1200 1.000 900 0.534 	2993.628719	2	285.000000
403.0	2100 0.485 2100 0.561 2100 0.545 1600 0.777 1200 0.451 1200 0.750 1200 1.000 900 1.000 	2873.369646	2	648.000000
404.0	2100 0.740 2100 0.571 2100 0.837 1600 0.712 1200 1.000 1200 0.544 1200 0.632 1000 0.484 	3517.172237	1	273.000000
405.0	2100 0.477 2100 0.671 2100 0.807 1600 0.782 1200 1.000 1200 0.486 1200 0.637 1000 0.386 	3295.751266	1	7.000000
406.0	2100 0.581 2100 0.429 2100 0.552 1600 0.727 1200 1.000 1200 0.591 1200 1.000 1000 0.829 	2850.647731	2	819.000000
407.0	2100 0.570 2100 0.726 2100 0.823 1600 0.970 1200 1.000 1200 0.382 1200 0.465 1000 0.807 	3624.770315	1	239.000000
408.0	2100 0.563 2100 0.563 2100 0.489 1700 0.696 1200 1.000 1200 1.000 1200 0.617 1000 0.716 	2980.310630	2	751.000000
409.0	2100 0.781 2100 0.824 2100 0.577 1700 0.681 1200 0.587 1200 0.419 1200 1.000 1000 0.740 	3625.363659	1	74.000000
410.0	2100 0.599 2100 0.569 2100 0.572 1700 0.000 1200 1.000 1200 1.000 1200 1.000 1000 0.831 	2684.242206	3	953.000000
411.0	2100 0.632 2100 0.571 2100 0.823 1300 1.000 1200 0.548 1200 1.000 1200 0.661 1000 0.396 	3344.705399	2	583.500000
412.0	2100 0.704 2100 0.424 2100 0.578 1400 0.858 1200 1.000 1200 0.592 1200 1.000 1000 0.827 	2975.493002	2	544.000000
413.0	2100 0.496 2100 0.887 2100 0.693 1500 0.816 1200 1.000 1200 0.692 1200 0.622 1000 0.776 	3461.869639	1	457.000000
414.0	2100 0.570 2100 0.571 2100 0.583 1500 0.837 1200 1.000 1200 0.616 1200 1.000 1000 0.835 	3059.920900	2	282.000000
415.0	2100 0.595 2100 0.531 2100 0.599 1500 0.819 1200 0.696 1200 1.000 1200 1.000 1000 0.694 	3050.602364	2	842.000000
416.0	2100 0.918 2100 0.716 2100 1.000 1500 0.599 1200 0.442 1200 0.315 1200 0.309 1000 0.458 	3884.533158	1	191.423077
417.0	2100 0.578 2100 0.653 2100 0.432 1500 0.778 1200 1.000 1200 1.000 1200 0.655 1000 0.680 	2942.067118	2	340.000000
418.0	2100 0.579 2100 0.449 2100 0.558 1500 0.773 1200 0.552 1200 1.000 1200 1.000 1000 0.836 	2840.672200	2	785.000000
419.0	2100 0.460 2100 0.775 2100 0.842 1500 0.843 1200 0.647 1200 0.343 1200 1.000 1000 0.442 	3409.252899	1	125.000000
420.0	2100 0.586 2100 0.439 2100 0.558 1500 0.800 1200 1.000 1200 0.728 1200 0.708 1000 1.000 	2849.730227	2	881.000000
421.0	2100 0.870 2100 0.907 2100 1.000 1500 0.614 1200 0.593 1200 0.377 1200 0.664 1100 0.584 	4168.854619	1	258.269231
422.0	2100 0.557 2100 0.682 2100 0.566 1500 0.000 1200 1.000 1200 1.000 1200 0.613 1100 1.000 	2752.989060	3	1021.000000
423.0	2100 1.000 2100 0.543 2100 0.882 1300 1.000 1200 0.600 1200 0.377 1200 0.397 1200 0.608 	3798.370672	2	330.153846
424.0	2100 0.693 2100 0.587 2100 0.567 1400 0.643 1200 1.000 1200 0.467 1200 0.697 1200 1.000 	3062.058669	2	662.000000
425.0	2100 0.595 2100 0.511 2100 0.549 1400 0.824 1200 1.000 1200 1.000 1200 0.502 1200 0.652 	2894.158803	2	932.000000
426.0	2100 0.504 2100 0.794 2100 0.766 1400 0.953 1200 0.469 1200 0.390 1200 0.440 1200 1.000 	3374.570513	1	38.000000
427.0	2100 0.564 2100 0.543 2100 0.570 1500 0.000 1200 1.000 1200 0.752 1200 1.000 1200 1.000 	2626.328730	3	1061.000000
428.0	2100 0.549 2100 1.000 2100 0.953 1300 1.000 1200 0.298 1200 0.662 1200 0.523 1200 0.334 	3876.608095	2	494.884615
429.0	2100 0.685 2100 0.611 2100 0.560 1400 0.636 400 1.000 1200 0.504 1200 1.000 1200 1.000 	3013.645275	3	921.000000
430.0	2100 0.729 2100 0.581 2100 0.803 1400 0.870 500 1.000 1200 0.673 1200 0.689 1200 1.000 	3436.554811	2	335.000000
431.0	2100 0.426 2100 0.557 2100 0.577 1500 0.836 600 1.000 1200 0.762 1200 1.000 1200 1.000 	2832.171189	3	749.000000
432.0	2100 0.562 2100 0.521 2100 0.598 1500 0.756 700 0.949 1200 0.492 1200 1.000 1200 1.000 	2919.568523	2	511.000000
433.0	2100 0.812 2100 0.582 2100 0.881 1500 0.648 800 0.455 1200 0.632 1200 0.680 1200 1.000 	3587.438634	1	265.000000
434.0	2100 0.593 2100 0.443 2100 0.595 1500 0.843 800 0.571 1200 1.000 1200 1.000 1200 0.691 	2913.463467	2	380.000000
435.0	2100 0.637 2100 0.436 2100 0.787 1500 1.000 800 1.000 1200 0.683 1200 0.663 1200 1.000 	3270.335739	3	520.500000
436.0	2100 1.000 2100 0.961 2100 0.611 1600 0.607 900 0.429 1200 0.405 1200 0.536 1200 0.483 	3895.033607	1	302.192308
437.0	2100 0.602 2100 0.672 2100 0.554 1600 0.000 900 0.837 1200 1.000 1200 1.000 1200 1.000 	2788.119646	3	984.000000
438.0	2100 0.568 2100 1.000 2100 0.989 1300 0.893 900 0.586 1200 0.618 1200 0.666 1200 0.468 	3936.788278	1	141.076923
439.0	2100 0.572 2100 0.641 2100 0.587 1400 0.000 900 0.656 1200 1.000 1200 1.000 1200 1.000 	2739.840684	3	710.000000
440.0	2100 0.562 2100 0.588 2100 0.580 1300 0.796 900 0.746 1200 0.674 1200 1.000 1200 1.000 	2954.873424	2	932.000000
441.0	2100 0.586 2100 0.979 2100 0.583 1300 1.000 900 0.586 1200 0.493 1200 0.685 1200 1.000 	3507.994969	2	376.000000
442.0	2100 0.597 2100 0.655 2100 0.591 1400 0.000 900 0.783 1200 1.000 1200 1.000 1200 1.000 	2804.252063	3	1083.000000
443.0	2100 1.000 2100 0.765 2100 0.596 1300 1.000 900 0.717 1200 0.513 1200 0.598 1200 0.552 	3727.970403	2	957.653846
444.0	2100 0.807 2100 0.644 2100 0.595 1400 0.000 900 0.933 1200 1.000 1200 1.000 1200 1.000 	3077.211685	3	1275.000000
445.0	2100 0.539 2100 1.000 2100 0.840 1300 1.000 1000 0.621 1200 0.482 1200 0.322 1200 0.402 	3695.241046	2	778.884615
446.0	2100 0.797 2100 0.592 2100 0.577 1400 0.000 1000 1.000 1200 1.000 1200 1.000 1200 0.575 	2936.467705	3	1067.000000
447.0	2100 0.573 2100 0.893 2100 0.582 1300 1.000 1100 0.374 1200 0.752 1200 1.000 1200 0.358 	3366.577354	2	717.000000
448.0	2100 0.744 2100 0.577 2100 0.582 1400 0.000 1100 0.786 1200 1.000 1200 1.000 1200 1.000 	2906.187518	3	794.000000
449.0	2100 0.563 2100 0.572 2100 0.510 1300 0.923 1100 0.823 1200 1.000 1200 0.589 1200 1.000 	2919.484291	2	827.000000
450.0	2100 0.683 2100 1.000 2100 1.000 1400 0.647 1100 0.445 1200 0.519 1200 0.692 1200 0.418 	3997.680648	2	658.000000
451.0	2100 0.617 2100 0.759 2100 0.556 1400 0.000 1100 1.000 1200 1.000 1200 1.000 1200 0.718 	2929.684762	3	1201.000000
452.0	2100 0.483 2100 0.732 2100 1.000 1300 1.000 1200 0.337 1200 0.387 1200 0.308 1200 0.340 	3452.836508	2	750.346154
453.0	2100 0.747 2100 0.637 2100 0.423 1400 0.862 1200 1.000 1200 0.613 1200 1.000 1200 0.610 	3116.728376	2	430.000000
454.0	2100 0.478 2100 1.000 2100 0.556 1500 0.779 1200 0.373 1200 0.989 1200 0.691 1200 0.513 	3353.263026	1	132.307692
455.0	2100 0.621 2100 0.543 2100 0.557 1500 0.603 1200 0.400 1200 0.666 1200 1.000 1200 1.000 	2918.149194	2	458.000000
456.0	2100 0.503 2100 0.964 2100 0.589 1500 0.882 1200 0.726 1200 0.495 1200 1.000 1200 0.683 	3479.178325	1	78.000000
457.0	2100 0.425 2100 0.549 2100 0.560 1600 0.732 1200 1.000 1200 1.000 1200 0.462 1200 0.663 	2815.780688	2	672.000000
458.0	2100 0.655 2100 0.923 2100 0.564 1600 0.796 1200 0.548 1200 0.568 1200 1.000 1200 0.625 	3591.245773	1	210.000000
459.0	2100 0.600 2100 0.556 2100 0.553 1600 0.000 1200 1.000 1200 0.688 1200 1.000 1200 1.000 	2660.520317	3	927.000000
460.0	2100 0.763 2100 0.983 2100 0.525 1300 0.762 1200 0.554 1200 1.000 1200 0.508 1200 0.507 	3570.657436	1	460.000000
461.0	2100 0.797 2100 0.708 2100 0.554 1300 1.000 1200 0.517 1200 0.683 1200 0.563 1200 1.000 	3422.796752	2	513.500000
462.0	2100 0.611 2100 0.502 2100 0.548 1400 0.883 1200 1.000 1200 1.000 1200 0.477 1200 0.640 	2925.044457	2	418.000000
463.0	2100 0.554 2100 0.454 2100 0.593 1500 0.837 1200 0.702 1200 1.000 1200 1.000 1200 0.642 	2922.701187	2	493.000000
464.0	2100 0.777 2100 0.523 2100 0.799 1500 0.813 1200 1.000 1200 0.695 1200 0.585 1200 0.707 	3506.751275	1	9.000000
465.0	2100 0.555 2100 0.570 2100 0.590 1500 0.000 1200 1.000 1200 1.000 1200 0.613 1200 1.000 	2658.482698	3	1173.000000
466.0	2100 1.000 2100 0.977 2100 0.590 1300 1.000 1200 0.677 1200 0.404 1200 0.457 1200 0.355 	3971.009341	2	589.884615
467.0	2100 0.726 2100 0.593 2100 0.437 1400 0.878 1200 0.493 1200 1.000 1200 0.583 1200 1.000 	3039.825348	2	458.000000
468.0	2100 0.540 2100 0.867 2100 0.707 1500 0.865 1200 0.579 1200 0.497 1200 1.000 1200 0.527 	3506.462945	1	252.000000
469.0	2100 0.475 2100 0.811 2100 0.630 1600 0.852 1200 0.507 1200 0.447 1200 1.000 1200 0.673 	3318.875353	1	264.000000
470.0	2100 0.554 2100 0.598 2100 0.566 1700 0.538 1200 1.000 1200 1.000 1200 0.446 1200 0.511 	2978.224871	2	612.000000
471.0	2100 0.503 2100 0.816 2100 0.627 1700 0.952 1200 0.584 1200 0.491 1200 0.574 1200 1.000 	3542.657403	1	112.000000
472.0	2100 0.583 2100 0.588 2100 0.578 1800 0.000 1200 1.000 1200 1.000 1200 0.586 1200 1.000 	2699.779524	3	588.000000
473.0	2100 0.445 2100 0.548 2100 0.602 1300 0.954 1200 0.499 1200 1.000 1200 0.678 1200 1.000 	2857.648376	2	592.000000
474.0	2100 0.518 2100 0.820 2100 0.703 1400 0.954 1200 0.680 1200 0.633 1200 1.000 1200 0.519 	3410.731294	1	107.000000
475.0	2100 0.567 2100 0.449 2100 0.543 1500 0.764 1200 0.702 1200 0.598 1200 1.000 1200 1.000 	2824.102833	2	700.000000
476.0	2100 0.602 2100 0.566 2100 0.872 1500 1.000 1200 0.975 1200 0.547 1200 0.674 1200 0.388 	3481.421612	1	126.500000
477.0	2100 0.638 2100 0.547 2100 0.578 1600 0.000 1200 0.681 1200 1.000 1200 1.000 1200 1.000 	2729.769206	3	1268.000000
478.0	2100 1.000 2100 0.606 2100 0.946 1300 0.954 1200 0.603 1200 0.631 1200 0.418 1200 0.588 	3974.088034	1	231.192308
479.0	2100 0.553 2100 0.667 2100 0.597 1400 0.000 1200 1.000 1200 1.000 1200 1.000 1200 0.558 	2783.505836	3	630.000000
480.0	2100 0.595 2100 0.600 2100 0.480 1300 0.971 1200 0.532 1200 1.000 1200 1.000 1200 0.483 	2947.058962	2	571.000000
481.0	2100 0.781 2100 0.503 2100 0.862 1400 0.872 1200 0.526 1200 0.485 1200 1.000 1200 0.527 	3473.496728	1	322.000000
482.0	2100 0.552 2100 0.429 2100 0.570 1500 0.832 1200 0.542 1200 1.000 1200 1.000 1200 0.498 	2817.614764	2	266.000000
483.0	2100 0.602 2100 0.578 2100 0.588 1500 0.000 1200 1.000 1200 1.000 1200 1.000 1200 0.642 	2730.846032	3	924.000000
484.0	2100 0.619 2100 0.619 2100 0.975 1300 0.775 1200 0.532 1200 0.358 1200 0.414 1200 1.000 	3468.800387	1	209.000000
485.0	2100 0.593 2100 0.583 2100 0.583 1300 0.000 1200 1.000 1200 1.000 1200 1.000 1200 0.673 	2722.905714	3	917.000000
486.0	2100 0.663 2100 0.980 2100 0.574 1300 0.898 1200 1.000 1200 0.656 1200 0.653 1200 0.672 	3609.205104	1	205.000000
487.0	2100 0.559 2100 0.579 2100 0.566 1400 0.000 1200 1.000 1200 0.622 1200 1.000 1200 1.000 	2644.478730	3	841.000000
488.0	2100 0.866 2100 0.564 2100 0.760 1300 0.731 1200 0.432 1200 0.611 1200 0.328 1200 1.000 	3428.664237	1	202.000000
489.0	2100 0.558 2100 0.481 2100 0.579 1300 0.875 1200 1.000 1200 0.612 1200 0.695 1200 1.000 	2870.612259	2	795.000000
490.0	2100 0.812 2100 0.756 2100 0.600 1400 0.976 1200 1.000 1200 0.687 1200 0.693 1200 0.551 	3597.837204	1	267.000000
491.0	2100 0.642 2100 0.472 2100 0.866 1500 0.924 1200 0.683 1200 0.495 1200 1.000 1200 0.614 	3389.439873	1	415.000000
492.0	2100 0.549 2100 0.503 2100 0.597 1600 0.745 1200 0.738 1200 1.000 1200 0.630 1200 1.000 	3000.528799	2	742.000000
493.0	2100 0.765 2100 0.571 2100 0.735 1600 0.892 1200 0.601 1200 1.000 1200 0.653 1200 0.525 	3563.350823	1	101.000000
494.0	2100 0.575 2100 0.430 2100 0.599 1700 0.684 1200 0.738 1200 0.647 1200 1.000 1200 1.000 	2993.300923	2	689.000000
495.0	2100 0.692 2100 0.557 2100 0.825 1700 0.862 1200 0.619 1200 0.480 1200 0.743 1200 1.000 	3664.104742	1	171.000000
496.0	2100 0.595 2100 0.498 2100 0.566 1800 0.691 1200 0.699 1200 1.000 1200 0.683 1200 1.000 	3154.684652	2	1103.000000
497.0	2100 0.700 2100 0.526 2100 0.712 1800 0.922 1200 0.748 1200 1.000 1200 0.442 1200 0.446 	3621.011331	1	307.000000
498.0	2100 0.565 2100 0.505 2100 0.584 1900 0.608 1200 1.000 1200 0.594 1200 1.000 1200 0.531 	3101.996770	2	431.000000
499.0	2100 0.557 2100 0.470 2100 0.548 1900 0.618 1200 0.659 1200 0.691 1200 1.000 1200 1.000 	3037.291138	2	788.000000
500.0	2100 0.775 2100 0.567 2100 0.845 1900 0.639 1200 0.588 1200 0.574 1200 1.000 1200 0.663 	3780.863357	1	497.000000
501.0	2100 0.581 2100 0.535 2100 0.578 1900 0.619 1200 1.000 1200 0.528 1200 0.493 1200 1.000 	3149.771118	2	120.000000
502.0	2100 0.452 2100 0.588 2100 0.592 1900 0.636 1200 1.000 1200 0.673 1200 0.397 1200 0.938 	3085.446157	1	147.000000
503.0	2100 0.436 2100 0.587 2100 0.596 1900 0.606 1200 1.000 1200 1.000 1200 0.542 1200 0.701 	3068.080912	2	509.000000
504.0	2100 0.545 2100 0.559 2100 0.570 1900 0.651 1200 0.718 1200 1.000 1200 1.000 1200 0.459 	3174.560583	2	388.000000
505.0	2100 0.947 2100 0.710 2100 0.533 1900 1.000 1200 0.348 1200 0.662 1200 0.379 1200 0.446 	4007.811990	1	59.000000
506.0	2100 0.543 2100 0.622 2100 0.561 2000 0.458 1200 1.000 1200 1.000 1200 0.697 1200 0.749 	3157.821331	2	393.000000
507.0	2100 0.540 2100 0.447 2100 0.560 2000 0.590 1200 1.000 1200 1.000 1200 0.566 1200 0.516 	3028.082331	2	501.000000
508.0	2100 0.484 2100 0.863 2100 0.966 2000 0.770 1200 0.323 1200 0.348 1200 0.608 1200 0.551 	4058.651783	0	0.000000
509.0	2100 0.564 2100 0.594 2100 0.564 2000 0.000 1200 1.000 1200 0.683 1200 1.000 1200 0.987 	2675.330317	2	904.000000
510.0	2100 0.787 2100 0.753 2100 0.626 1300 1.000 1200 0.661 1200 0.619 1200 1.000 1200 0.701 	3589.692747	2	206.500000
511.0	2100 0.604 2100 0.435 2100 0.547 1400 0.861 1200 1.000 1200 1.000 1200 0.524 1200 0.603 	2820.562076	2	326.000000
512.0	2100 0.594 2100 0.426 2100 0.553 1500 0.796 1200 0.748 1200 0.633 1200 0.989 1200 1.000 	2867.669822	1	382.000000
513.0	2100 0.669 2100 0.452 2100 0.893 1500 0.804 1200 1.000 1200 0.642 1200 0.567 1200 0.581 	3369.093602	1	426.000000
514.0	2100 0.590 2100 0.583 2100 0.540 1500 0.824 1200 0.685 1200 1.000 1200 1.000 1200 0.741 	3069.748110	2	770.000000
515.0	2100 0.541 2100 0.887 2100 0.593 1500 1.000 1200 0.716 1200 0.692 1200 1.000 1200 0.560 	3503.309756	2	160.500000
516.0	2100 0.451 2100 0.601 2100 0.587 1600 0.791 1200 0.648 1200 1.000 1200 0.654 1200 1.000 	3009.223121	2	662.000000
517.0	2100 0.583 2100 0.831 2100 0.580 1600 1.000 1200 0.982 1200 0.594 1200 0.498 1200 0.705 	3529.558449	1	50.000000
518.0	2100 0.583 2100 0.561 2100 0.557 1700 0.533 1200 1.000 1200 0.540 1200 1.000 1200 0.495 	2964.055106	2	273.000000
519.0	2100 0.599 2100 0.552 2100 0.549 1700 0.000 1200 1.000 1200 0.695 1200 1.000 1200 1.000 	2649.480000	3	1099.000000
520.0	2100 0.590 2100 1.000 2100 1.000 1300 0.988 1200 0.356 1200 0.578 1200 0.347 1200 0.417 	3970.500330	2	39.038462
521.0	2100 0.549 2100 0.600 2100 0.577 1400 0.000 1200 0.633 1200 1.000 1200 1.000 1200 1.000 	2675.709866	3	219.000000
522.0	2100 0.594 2100 0.562 2100 0.593 1300 0.000 1200 0.656 1200 1.000 1200 1.000 1200 1.000 	2708.050317	3	860.000000
523.0	2100 0.562 2100 0.629 2100 0.792 1300 1.000 1200 0.734 1200 0.584 1200 1.000 1200 0.630 	3350.353358	2	822.000000
524.0	2100 0.587 2100 0.489 2100 0.761 1400 0.866 1200 1.000 1200 0.683 1200 1.000 1200 0.688 	3175.122210	2	690.000000
525.0	2100 0.567 2100 0.826 2100 0.486 1500 1.000 1200 0.696 1200 0.458 1200 1.000 1200 0.557 	3288.920940	2	450.000000
526.0	2100 0.547 2100 0.471 2100 0.602 1600 0.791 1200 0.561 1200 1.000 1200 1.000 1200 0.703 	2977.945638	2	538.000000
527.0	2100 0.609 2100 0.474 2100 0.785 1600 0.948 1200 0.720 1200 0.557 1200 1.000 1200 0.659 	3354.674286	1	144.000000
528.0	2100 0.549 2100 0.488 2100 0.540 1700 0.740 1200 1.000 1200 0.609 1200 1.000 1200 0.625 	2981.133126	2	306.000000
529.0	2100 0.603 2100 0.459 2100 0.541 1700 0.684 1200 0.733 1200 0.676 1200 1.000 1200 1.000 	2994.298836	2	646.000000
530.0	2100 0.592 2100 0.853 2100 0.549 1700 0.800 1200 0.423 1200 0.351 1200 0.378 1200 1.000 	3430.322320	1	115.000000
531.0	2100 0.576 2100 0.584 2100 0.550 1700 0.000 1200 1.000 1200 1.000 1200 1.000 1200 0.635 	2655.134603	3	1134.000000
532.0	2100 0.599 2100 0.989 2100 1.000 1300 0.943 1200 0.584 1200 0.487 1200 0.704 1200 0.503 	4021.398120	1	179.423077
533.0	2100 0.547 2100 0.657 2100 0.544 1400 0.000 1200 0.697 1200 1.000 1200 1.000 1200 1.000 	2711.240745	3	857.000000
534.0	2100 0.888 2100 0.718 2100 0.447 1300 0.909 1200 0.509 1200 1.000 1200 0.503 1200 0.551 	3352.549341	1	288.000000
535.0	2100 0.577 2100 0.462 2100 0.559 1400 0.858 1200 0.578 1200 1.000 1200 0.597 1200 1.000 	2839.418791	2	1007.000000
536.0	2100 1.000 2100 0.612 2100 0.592 1500 0.861 1200 0.622 1200 0.398 1200 1.000 1200 0.648 	3629.353267	2	401.500000
537.0	2100 0.595 2100 0.677 2100 0.565 1600 0.000 1200 1.000 1200 1.000 1200 0.606 1200 1.000 	2815.405079	3	1355.000000
538.0	2100 0.584 2100 0.981 2100 1.000 1300 0.910 1200 0.573 1200 0.552 1200 0.469 1200 0.643 	3972.296447	1	281.692308
539.0	2100 0.546 2100 0.686 2100 0.547 1400 0.000 1200 1.000 1200 0.682 1200 1.000 1200 1.000 	2750.411551	3	1119.000000
540.0	2100 0.610 2100 0.924 2100 1.000 1300 1.000 1200 0.500 1200 0.694 1200 0.472 1200 0.641 	3980.170537	2	586.538462
541.0	2100 0.722 2100 0.664 2100 0.559 1400 0.000 1200 0.758 1200 1.000 1200 1.000 1200 1.000 	2972.233358	3	1169.000000
542.0	2100 0.576 2100 0.857 2100 1.000 1300 1.000 1200 0.414 1200 0.448 1200 0.342 1200 0.490 	3773.652234	2	549.846154
543.0	2100 0.637 2100 0.695 2100 0.568 1400 0.000 1200 1.000 1200 1.000 1200 1.000 1200 0.758 	2915.070379	3	968.000000
544.0	2100 0.974 2100 0.562 2100 0.996 1300 1.000 1200 0.543 1200 0.489 1200 0.323 1200 0.645 	3939.349219	1	109.500000
545.0	2100 0.602 2100 0.613 2100 0.591 1400 0.000 1200 1.000 1200 1.000 1200 0.704 1200 1.000 	2787.905397	3	1353.000000
546.0	2100 0.971 2100 1.000 2100 0.568 1300 1.000 1200 0.598 1200 0.592 1200 0.704 1200 0.643 	4014.648669	2	621.769231
547.0	2100 0.602 2100 0.711 2100 0.545 1400 0.000 1200 1.000 1200 1.000 1200 1.000 1200 0.747 	2859.271123	3	1619.000000
548.0	2100 0.613 2100 0.985 2100 0.919 1300 1.000 1200 0.308 1200 0.466 1200 0.682 1200 0.452 	3907.387424	1	707.500000
549.0	2100 0.576 2100 0.806 2100 0.559 1400 0.645 1200 1.000 1200 1.000 1200 0.600 1200 0.658 	3196.868107	2	568.000000
550.0	2100 0.552 2100 0.564 2100 0.595 1400 0.861 1200 1.000 1200 0.705 1200 1.000 1200 0.563 	2997.474237	2	579.000000
551.0	2100 0.461 2100 0.940 2100 0.622 1500 0.784 1200 0.522 1200 1.000 1200 0.687 1200 0.546 	3367.102295	1	159.000000
552.0	2100 0.543 2100 0.439 2100 0.590 1500 0.843 1200 1.000 1200 0.543 1200 0.530 1200 1.000 	2855.946452	2	560.000000
553.0	2100 0.901 2100 0.467 2100 0.586 1500 0.984 1200 0.701 1200 0.362 1200 0.562 1200 1.000 	3365.047001	1	226.000000
554.0	2100 0.569 2100 0.471 2100 0.586 1600 0.740 1200 0.686 1200 1.000 1200 1.000 1200 0.597 	2956.884348	2	411.000000
555.0	2100 0.639 2100 0.495 2100 0.870 1600 0.921 1200 1.000 1200 0.679 1200 0.567 1200 0.609 	3503.485703	1	214.000000
556.0	2100 0.650 2100 0.807 2100 0.846 1700 0.524 1200 1.000 1200 0.388 1200 0.675 1200 0.620 	3689.177571	1	191.000000
557.0	2100 0.543 2100 0.474 2100 0.563 1700 0.730 1200 1.000 1200 0.683 1200 1.000 1200 0.649 	2989.776991	2	592.000000
558.0	2100 0.588 2100 0.478 2100 0.545 1700 0.735 1200 1.000 1200 0.541 1200 1.000 1200 0.451 	2991.768159	2	407.000000
559.0	2100 0.462 2100 0.595 2100 0.591 1700 0.694 1200 0.713 1200 1.000 1200 0.618 1200 1.000 	3050.673688	2	431.000000
560.0	2100 0.597 2100 0.475 2100 0.579 1700 0.681 1200 1.000 1200 1.000 1200 0.707 1200 0.686 	3053.818647	2	777.000000
561.0	2100 0.620 2100 0.729 2100 0.567 1700 0.979 1200 1.000 1200 0.587 1200 0.643 1200 0.639 	3550.582691	1	147.000000
562.0	2100 0.590 2100 0.552 2100 0.561 1800 0.000 1200 0.663 1200 1.000 1200 1.000 1200 1.000 	2650.054603	3	1133.000000
563.0	2100 1.000 2100 1.000 2100 0.582 1300 0.998 1200 0.670 1200 0.648 1200 0.679 1200 0.707 	4089.216288	1	265.730769
564.0	2100 0.553 2100 0.685 2100 0.550 1400 0.000 1200 0.662 1200 1.000 1200 1.000 1200 1.000 	2759.405067	3	1331.000000
565.0	2100 0.651 2100 0.977 2100 1.000 1300 0.926 1200 0.527 1200 0.535 1200 0.575 1200 0.436 	4041.095470	1	125.846154
566.0	2100 0.571 2100 0.632 2100 0.595 1400 0.000 1200 0.751 1200 1.000 1200 1.000 1200 1.000 	2783.194347	3	829.000000
567.0	2100 0.548 2100 0.492 2100 0.795 1300 1.000 1200 0.642 1200 0.645 1200 1.000 1200 0.567 	3146.167680	2	700.500000
568.0	2100 0.504 2100 0.727 2100 0.548 1400 0.818 1200 1.000 1200 0.637 1200 0.674 1200 1.000 	3072.664725	2	552.000000
569.0	2100 0.820 2100 1.000 2100 0.816 1400 0.651 1200 0.523 1200 0.494 1200 0.649 1200 0.695 	3984.178559	1	127.076923
570.0	2100 0.602 2100 0.580 2100 0.582 1400 0.000 1200 0.651 1200 1.000 1200 1.000 1200 1.000 	2726.285287	3	770.000000
571.0	2100 0.590 2100 0.660 2100 0.978 1300 0.872 1200 1.000 1200 0.529 1200 0.472 1200 0.628 	3571.258955	1	248.000000
572.0	2100 0.570 2100 0.452 2100 0.583 1400 0.886 1200 1.000 1200 1.000 1200 0.567 1200 0.582 	2858.464982	2	705.000000
573.0	2100 0.523 2100 0.857 2100 0.753 1500 0.776 1200 1.000 1200 0.501 1200 0.483 1200 0.624 	3483.703516	1	172.000000
574.0	2100 0.550 2100 0.499 2100 0.565 1500 0.810 1200 0.505 1200 0.526 1200 1.000 1200 1.000 	2887.259167	2	199.000000
575.0	2100 0.595 2100 0.545 2100 0.584 1500 0.000 1200 1.000 1200 0.704 1200 1.000 1200 1.000 	2681.307143	3	807.000000
576.0	2100 0.936 2100 0.556 2100 1.000 1300 1.000 1200 0.396 1200 0.582 1200 0.673 1200 0.680 	3928.749597	2	285.730769
577.0	2100 0.630 2100 0.593 2100 0.564 1400 0.000 1200 1.000 1200 1.000 1200 0.663 1200 1.000 	2757.871575	3	1286.000000
578.0	2100 0.648 2100 0.937 2100 0.907 1300 1.000 1200 0.359 1200 0.429 1200 0.673 1200 0.484 	3879.647167	1	386.500000
579.0	2100 0.594 2100 0.722 2100 0.563 1400 0.000 1200 1.000 1200 0.707 1200 1.000 1200 1.000 	2882.742063	3	935.000000
580.0	2100 0.656 2100 0.885 2100 0.647 1300 0.704 1200 0.564 1200 0.347 1200 1.000 1200 0.477 	3416.662081	1	230.000000
581.0	2100 0.587 2100 0.475 2100 0.559 1300 0.958 1200 0.712 1200 0.701 1200 1.000 1200 1.000 	2921.453236	2	637.000000
582.0	2100 0.731 2100 0.542 2100 0.933 1400 0.888 1200 0.403 1200 1.000 1200 0.616 1200 0.582 	3566.082320	1	212.000000
583.0	2100 0.599 2100 0.449 2100 0.545 1500 0.808 1200 0.482 1200 0.575 1200 1.000 1200 0.978 	2860.257980	1	375.000000
584.0	2100 0.495 2100 0.563 2100 0.562 1500 0.833 1200 0.515 1200 1.000 1200 1.000 1200 0.489 	2902.378254	2	507.000000
585.0	2100 0.437 2100 0.553 2100 0.602 1500 0.760 1200 0.577 1200 1.000 1200 1.000 1200 0.572 	2844.816943	2	836.000000
586.0	2100 0.825 2100 0.874 2100 0.569 1500 0.796 1200 0.581 1200 1.000 1200 0.495 1200 0.459 	3661.078662	1	211.000000
587.0	2100 0.599 2100 0.470 2100 0.545 1500 0.844 1200 1.000 1200 0.381 1200 0.410 1200 1.000 	2875.025800	2	360.000000
588.0	2100 0.449 2100 0.852 2100 0.670 1500 0.841 1200 0.734 1200 0.447 1200 0.419 1200 1.000 	3309.682051	1	218.000000
589.0	2100 0.599 2100 0.471 2100 0.553 1500 0.798 1200 1.000 1200 1.000 1200 0.597 1200 0.457 	2893.963363	2	181.000000
590.0	2100 0.579 2100 0.567 2100 0.566 1500 0.000 1200 1.000 1200 1.000 1200 0.720 1200 1.000 	2667.720635	3	837.000000
591.0	2100 0.551 2100 0.987 2100 0.968 1300 1.000 1200 0.673 1200 0.611 1200 0.707 1200 0.538 	3971.786630	1	165.000000
592.0	2100 0.597 2100 0.595 2100 0.575 1400 0.653 1200 0.548 1200 1.000 1200 0.622 1200 1.000 	2965.218596	2	518.000000
593.0	2100 0.783 2100 0.773 2100 0.462 1400 0.895 1200 0.539 1200 0.600 1200 1.000 1200 0.667 	3352.589328	1	118.000000
594.0	2100 0.554 2100 0.428 2100 0.567 1500 0.768 1200 1.000 1200 1.000 1200 0.694 1200 0.702 	2825.283201	2	588.000000
595.0	2100 0.593 2100 0.441 2100 0.575 1500 0.770 1200 1.000 1200 0.534 1200 0.648 1200 1.000 	2877.293832	2	411.000000
596.0	2100 0.817 2100 0.543 2100 0.761 1500 0.908 1200 0.406 1200 1.000 1200 0.513 1200 0.482 	3514.214383	1	295.000000
597.0	2100 0.570 2100 0.448 2100 0.554 1600 0.757 1200 1.000 1200 1.000 1200 0.606 1200 0.581 	2886.477302	2	597.000000
598.0	2100 0.597 2100 0.533 2100 0.598 1600 0.781 1200 1.000 1200 0.617 1200 0.628 1200 1.000 	3111.426906	2	606.000000
599.0	2100 0.578 2100 0.464 2100 0.553 1600 0.735 1200 0.629 1200 0.688 1200 1.000 1200 1.000 	2919.432092	2	506.000000
600.0	2100 0.520 2100 0.875 2100 0.642 1600 0.763 1200 0.704 1200 0.601 1200 1.000 1200 0.696 	3466.562632	1	338.000000
