0.0	0 0.000 0 0.000 0 0.000 0 0.000 0 0.000 0 0.000 0 0.000 0 0.000 	0.000000	0	0.000000
1.0	2100 0.597 2100 0.600 2100 0.588 2100 0.000 1200 1.000 1200 1.000 1200 1.000 1200 1.000 	2795.330476	3	256.000000
2.0	2100 0.840 2100 0.806 2100 0.769 1300 0.841 1200 0.433 1200 0.683 1200 0.467 1200 0.482 	3728.304999	0	0.000000
3.0	2100 0.557 2100 0.592 2100 0.558 1300 0.662 1200 0.493 1200 0.893 1200 0.902 1200 0.693 	2853.064665	0	0.000000
4.0	2100 0.583 2100 0.368 2100 0.542 1300 0.921 1200 0.692 1200 0.798 1200 1.000 1200 1.000 	2749.812796	2	250.000000
5.0	2100 0.710 2100 0.987 2100 0.694 1400 0.905 1200 0.707 1200 0.443 1200 0.573 1200 0.353 	3745.815946	0	0.000000
6.0	2100 0.747 2100 0.814 2100 0.541 1500 0.565 1200 0.561 1200 0.624 1200 0.904 1200 0.548 	3336.416459	0	0.000000
7.0	2100 0.919 2100 0.677 2100 0.893 1500 0.640 1200 0.627 1200 0.684 1200 0.406 1200 0.367 	3806.334029	0	0.000000
8.0	2100 0.585 2100 0.595 2100 0.561 1500 0.560 1200 0.824 1200 0.640 1200 0.541 1200 1.000 	2914.886032	1	140.000000
9.0	2100 0.625 2100 0.766 2100 0.847 1500 0.552 1200 0.626 1200 0.505 1200 1.000 1200 0.477 	3500.522759	1	73.000000
10.0	2100 1.000 2100 0.620 2100 0.930 1500 0.563 1200 0.528 1200 0.530 1200 0.677 1200 0.446 	3856.005189	1	75.846154
11.0	2100 0.550 2100 0.609 2100 0.548 1500 0.578 1200 0.668 1200 0.700 1200 1.000 1200 1.000 	2923.848376	2	667.000000
12.0	2100 1.000 2100 0.915 2100 0.472 1500 0.887 1200 0.496 1200 0.439 1200 0.548 1200 0.348 	3774.941260	1	27.423077
13.0	2100 0.777 2100 0.784 2100 0.979 1600 0.483 1200 0.480 1200 0.678 1200 0.458 1200 0.659 	3853.424326	0	0.000000
14.0	2100 0.969 2100 0.780 2100 0.759 1600 0.557 1200 0.698 1200 0.568 1200 0.584 1200 0.643 	3884.588588	0	0.000000
15.0	2100 0.429 2100 0.560 2100 0.601 1600 0.791 1200 0.648 1200 1.000 1200 1.000 1200 0.667 	2946.574940	2	370.000000
16.0	2100 0.883 2100 0.739 2100 0.992 1600 0.489 1200 0.480 1200 0.602 1200 0.426 1200 0.337 	3900.754142	0	0.000000
17.0	2100 0.785 2100 0.741 2100 0.586 1600 0.555 1200 0.601 1200 1.000 1200 0.392 1200 0.625 	3387.848843	1	124.000000
18.0	2100 0.446 2100 0.763 2100 0.866 1600 0.652 1200 0.613 1200 1.000 1200 0.679 1200 0.573 	3430.513266	1	114.000000
19.0	2100 0.418 2100 0.592 2100 0.756 1600 0.941 1200 0.447 1200 0.356 1200 1.000 1200 0.561 	3147.685071	1	103.000000
20.0	2100 0.559 2100 0.411 2100 0.558 1700 0.678 1200 0.706 1200 1.000 1200 0.689 1200 0.709 	2856.780815	1	213.000000
21.0	2100 0.574 2100 0.386 2100 0.567 1700 0.735 1200 1.000 1200 0.789 1200 0.836 1200 0.659 	2918.301003	1	235.000000
22.0	2100 0.615 2100 0.872 2100 0.412 1700 0.777 1200 0.994 1200 0.451 1200 0.497 1200 0.707 	3352.071343	0	0.000000
23.0	2100 0.563 2100 0.408 2100 0.597 1700 0.701 1200 0.514 1200 0.433 1200 0.962 1200 1.000 	2899.829525	1	181.000000
24.0	2100 0.953 2100 0.470 2100 0.950 1700 0.679 1200 0.422 1200 0.563 1200 0.538 1200 0.594 	3823.471952	0	0.000000
25.0	2100 0.573 2100 0.596 2100 0.571 1700 0.000 1200 0.987 1200 1.000 1200 1.000 1200 0.723 	2702.796667	2	644.000000
26.0	2100 0.986 2100 0.740 2100 0.488 1300 1.000 1200 0.386 1200 0.417 1200 0.434 1200 0.332 	3476.018132	1	775.500000
27.0	2100 0.562 2100 0.840 2100 0.543 1400 0.000 1200 0.730 1200 1.000 1200 1.000 1200 1.000 	2969.522698	3	1085.000000
28.0	2100 0.613 2100 0.877 2100 1.000 1300 0.915 1200 0.489 1200 0.453 1200 0.497 1200 0.483 	3839.169634	1	172.692308
29.0	2100 0.820 2100 0.661 2100 0.686 1400 0.609 1200 0.698 1200 0.563 1200 0.502 1200 0.994 	3409.533223	0	0.000000
30.0	2100 0.812 2100 0.426 2100 0.870 1400 1.000 1200 0.527 1200 0.485 1200 0.606 1200 0.407 	3418.978779	1	297.500000
31.0	2100 0.591 2100 0.675 2100 0.397 1500 0.810 1200 1.000 1200 0.678 1200 1.000 1200 0.669 	2988.857946	2	663.000000
32.0	2100 0.667 2100 0.812 2100 0.618 1500 0.956 1200 0.645 1200 0.753 1200 0.630 1200 1.000 	3585.721109	1	292.000000
33.0	2100 0.547 2100 0.591 2100 0.476 1600 0.715 1200 0.884 1200 0.913 1200 1.000 1200 0.689 	2952.732996	1	342.000000
34.0	2100 0.574 2100 0.526 2100 0.571 1600 0.772 1200 0.703 1200 1.000 1200 1.000 1200 0.606 	3038.902033	2	272.000000
35.0	2100 0.786 2100 0.751 2100 0.438 1600 0.720 1200 0.597 1200 1.000 1200 0.550 1200 0.711 	3343.310807	1	61.000000
36.0	2100 0.603 2100 0.445 2100 0.552 1600 0.766 1200 0.673 1200 1.000 1200 0.672 1200 1.000 	2947.420943	2	509.000000
37.0	2100 0.610 2100 0.777 2100 0.431 1600 1.000 1200 1.000 1200 0.618 1200 0.637 1200 0.620 	3315.521563	2	251.500000
38.0	2100 0.484 2100 0.969 2100 0.765 1700 0.995 1200 0.658 1200 0.681 1200 0.541 1200 0.477 	3888.199588	0	0.000000
39.0	2100 0.567 2100 0.572 2100 0.598 1800 0.000 1200 0.968 1200 0.794 1200 1.000 1200 1.000 	2704.805397	2	393.000000
40.0	2100 0.601 2100 0.918 2100 0.518 1300 1.000 1200 0.601 1200 1.000 1200 0.454 1200 0.682 	3392.846520	2	161.500000
41.0	2100 0.931 2100 0.420 2100 0.999 1400 0.879 1200 0.538 1200 0.403 1200 0.577 1200 0.423 	3664.786691	0	0.000000
42.0	2100 0.603 2100 0.542 2100 0.573 1500 0.000 1200 0.911 1200 1.000 1200 1.000 1200 0.979 	2696.984762	2	577.000000
43.0	2100 0.847 2100 0.574 2100 0.899 1300 1.000 1200 0.700 1200 0.523 1200 0.571 1200 0.576 	3712.697790	1	450.500000
44.0	2100 0.552 2100 0.719 2100 0.599 1400 0.000 1200 1.000 1200 1.000 1200 0.859 1200 1.000 	2889.785079	3	386.000000
45.0	2100 0.661 2100 0.934 2100 0.546 1300 0.729 1200 0.445 1200 0.947 1200 0.723 1200 0.636 	3411.536310	0	0.000000
46.0	2100 0.433 2100 0.627 2100 0.770 1300 1.000 1200 0.826 1200 1.000 1200 0.669 1200 0.513 	3158.312100	2	391.000000
47.0	2100 0.637 2100 0.623 2100 0.962 1400 0.608 1200 0.672 1200 0.721 1200 0.618 1200 1.000 	3510.084652	1	219.000000
48.0	2100 0.607 2100 0.641 2100 0.982 1400 0.581 1200 0.493 1200 0.925 1200 0.830 1200 0.572 	3486.208730	0	0.000000
49.0	2100 0.559 2100 0.583 2100 0.586 1400 0.603 1200 0.913 1200 0.824 1200 1.000 1200 0.807 	2938.126422	1	371.000000
50.0	2100 0.613 2100 1.000 2100 0.543 1400 0.570 1200 0.552 1200 0.862 1200 0.694 1200 0.522 	3360.665653	1	105.961538
51.0	2100 0.930 2100 0.621 2100 0.577 1400 0.584 1200 0.442 1200 0.697 1200 0.783 1200 0.737 	3334.655812	0	0.000000
52.0	2100 0.942 2100 0.695 2100 0.897 1400 0.692 1200 0.377 1200 0.512 1200 0.437 1200 0.470 	3800.853126	0	0.000000
53.0	2100 1.000 2100 0.578 2100 0.586 1400 0.649 1200 0.626 1200 0.835 1200 0.517 1200 0.807 	3427.458303	1	35.461538
54.0	2100 0.560 2100 0.579 2100 0.555 1400 0.000 1200 1.000 1200 0.676 1200 0.868 1200 1.000 	2623.190611	2	165.000000
55.0	2100 1.000 2100 0.675 2100 0.857 1300 0.630 1200 0.676 1200 0.657 1200 0.627 1200 0.651 	3856.438632	1	6.076923
56.0	2100 0.595 2100 0.551 2100 0.602 1300 0.000 1200 0.852 1200 1.000 1200 1.000 1200 1.000 	2730.319096	3	763.000000
57.0	2100 0.816 2100 0.495 2100 1.000 1300 1.000 1200 0.494 1200 0.399 1200 0.383 1200 0.558 	3633.222808	2	520.500000
58.0	2100 0.638 2100 0.665 2100 0.585 1400 0.614 1200 1.000 1200 0.762 1200 0.502 1200 1.000 	3115.407827	2	213.000000
59.0	2100 0.856 2100 0.404 2100 0.625 1400 0.890 1200 0.758 1200 0.973 1200 0.625 1200 0.704 	3209.586960	0	0.000000
60.0	2100 0.649 2100 0.750 2100 0.790 1500 0.538 1200 0.458 1200 0.380 1200 1.000 1200 0.623 	3412.689988	1	27.000000
61.0	2100 0.389 2100 0.782 2100 0.781 1500 0.791 1200 1.000 1200 0.579 1200 0.578 1200 0.571 	3275.286777	1	185.000000
62.0	2100 0.424 2100 0.773 2100 0.729 1500 0.773 1200 0.462 1200 1.000 1200 0.549 1200 0.604 	3217.500867	1	10.000000
63.0	2100 0.446 2100 0.804 2100 0.560 1500 0.963 1200 0.599 1200 0.433 1200 0.346 1200 1.000 	3139.423243	1	77.000000
64.0	2100 0.480 2100 0.735 2100 0.847 1600 0.723 1200 1.000 1200 0.636 1200 0.376 1200 0.428 	3404.031673	1	20.000000
65.0	2100 0.594 2100 0.565 2100 0.579 1600 0.487 1200 0.375 1200 0.332 1200 1.000 1200 1.000 	2874.946709	2	113.000000
66.0	2100 0.436 2100 0.839 2100 0.741 1600 1.000 1200 0.297 1200 0.534 1200 0.369 1200 0.686 	3446.305275	1	336.000000
67.0	2100 0.713 2100 0.925 2100 0.592 1700 0.524 400 1.000 1200 0.677 1200 0.537 1200 1.000 	3560.272339	2	191.000000
68.0	2100 0.955 2100 0.691 2100 0.808 1700 0.528 500 0.898 1200 0.606 1200 0.615 1200 0.422 	3784.381552	0	0.000000
69.0	2100 0.715 2100 0.487 2100 0.840 1700 1.000 600 1.000 1200 0.295 1200 0.385 1200 0.426 	3543.619194	2	472.576923
70.0	2100 0.617 2100 0.587 2100 0.953 1800 0.512 700 0.641 400 1.000 1200 0.721 1200 0.839 	3466.618779	1	391.000000
71.0	2100 0.921 2100 0.728 2100 0.823 1800 0.457 700 0.989 500 1.000 1200 0.513 1200 0.470 	3776.544725	1	417.000000
72.0	2100 0.465 2100 0.630 2100 0.592 1800 1.000 800 0.579 600 0.845 1200 0.760 1200 1.000 	3315.667787	2	192.307692
73.0	2100 0.445 2100 0.602 2100 0.568 1900 1.000 800 0.681 600 0.898 1200 0.833 1200 0.690 	3293.066161	1	49.115385
74.0	2100 0.459 2100 0.742 2100 0.836 2000 1.000 800 0.831 700 0.751 1200 0.430 1200 0.389 	3906.551674	1	102.230769
75.0	2100 0.453 2100 0.584 2100 0.562 2100 0.985 800 1.000 700 0.806 1200 1.000 1200 0.767 	3637.272393	2	248.000000
76.0	2100 0.602 2100 0.509 2100 0.601 2100 0.926 900 0.509 700 1.000 1200 0.893 1200 0.652 	3674.700562	1	173.000000
77.0	2100 0.626 2100 0.427 2100 0.916 2100 0.556 900 0.813 800 0.876 1200 0.854 1200 0.828 	3565.446955	0	0.000000
78.0	2100 0.548 2100 0.587 2100 0.578 2100 0.000 900 1.000 900 1.000 1200 1.000 1200 1.000 	2599.668254	4	942.000000
79.0	2100 0.561 2100 1.000 2100 0.581 1300 0.808 1000 1.000 1000 0.589 1200 0.640 1200 0.534 	3384.101933	2	244.153846
80.0	2100 0.597 2100 0.980 2100 0.593 1300 0.657 1100 0.456 1000 0.666 1200 0.505 1200 1.000 	3366.820432	1	120.000000
81.0	2100 1.000 2100 0.902 2100 0.483 1300 1.000 1100 0.589 1000 0.829 1200 0.522 1200 0.630 	3774.232826	2	113.692308
82.0	2100 0.438 2100 0.591 2100 0.969 1400 0.890 1100 0.802 1000 0.590 1200 0.709 1200 0.978 	3317.928323	0	0.000000
83.0	2100 0.562 2100 0.565 2100 0.545 1500 0.000 1100 0.852 1000 1.000 1200 1.000 1200 1.000 	2573.617908	3	969.000000
84.0	2100 0.927 2100 0.611 2100 1.000 1300 1.000 1200 0.394 1100 0.448 1200 0.408 1200 0.623 	3920.831103	2	312.269231
85.0	2100 0.475 2100 0.821 2100 0.668 1400 0.931 1200 0.808 1100 1.000 1200 0.706 1200 0.691 	3327.303956	1	14.000000
86.0	2100 0.561 2100 0.388 2100 0.561 1500 0.762 1200 1.000 1200 1.000 1200 0.550 1200 0.660 	2748.225758	2	25.000000
87.0	2100 0.572 2100 0.592 2100 0.579 1500 0.000 1200 0.947 1200 1.000 1200 0.684 1200 1.000 	2697.175397	2	670.000000
88.0	2100 0.754 2100 0.754 2100 0.458 1300 0.955 1200 1.000 1200 0.678 1200 0.572 1200 0.628 	3298.700440	1	191.000000
89.0	2100 0.570 2100 0.483 2100 0.593 1400 0.824 1200 1.000 1200 0.700 1200 1.000 1200 0.688 	2913.131600	2	181.000000
90.0	2100 0.541 2100 0.600 2100 0.585 1400 0.000 1200 0.753 1200 1.000 1200 1.000 1200 1.000 	2690.677460	3	1169.000000
91.0	2100 0.973 2100 0.552 2100 0.997 1300 1.000 1200 0.633 1200 0.695 1200 0.557 1200 0.312 	3949.854347	1	143.500000
92.0	2100 0.391 2100 0.577 2100 0.609 1400 0.854 1200 1.000 1200 1.000 1200 0.677 1200 0.700 	2834.898034	2	220.000000
93.0	2100 0.848 2100 0.770 2100 1.000 1500 0.569 1200 0.424 1200 0.354 1200 0.543 1200 0.422 	3893.317021	1	207.846154
94.0	2100 0.591 2100 0.644 2100 0.578 1500 0.571 1200 0.837 1200 1.000 1200 0.677 1200 1.000 	3076.055507	2	586.000000
95.0	2100 0.904 2100 0.765 2100 0.556 1500 0.786 1200 0.533 1200 0.557 1200 1.000 1200 0.550 	3613.672706	1	192.000000
96.0	2100 0.870 2100 0.509 2100 0.669 1500 0.874 1200 0.532 1200 0.536 1200 1.000 1200 0.648 	3440.286574	1	72.000000
97.0	2100 0.558 2100 0.564 2100 0.565 1600 0.000 1200 1.000 1200 1.000 1200 0.861 1200 1.000 	2654.493492	3	985.000000
98.0	2100 0.809 2100 0.816 2100 0.557 1300 0.915 1200 0.478 1200 1.000 1200 0.679 1200 0.428 	3524.176667	1	29.000000
99.0	2100 0.581 2100 0.557 2100 0.543 1400 0.000 1200 1.000 1200 0.724 1200 0.928 1200 1.000 	2620.885238	2	530.000000
100.0	2100 0.802 2100 0.818 2100 0.555 1300 0.959 1200 0.483 1200 0.938 1200 0.407 1200 0.346 	3481.598193	0	0.000000
101.0	2100 0.397 2100 0.574 2100 0.597 1400 0.821 1200 0.411 1200 1.000 1200 1.000 1200 0.516 	2753.462295	2	146.000000
102.0	2100 0.613 2100 0.469 2100 0.792 1400 0.997 1200 1.000 1200 0.725 1200 0.669 1200 0.704 	3248.547131	1	416.000000
103.0	2100 0.919 2100 0.747 2100 0.611 1500 0.555 1200 0.587 1200 0.591 1200 1.000 1200 0.608 	3575.023114	1	49.000000
104.0	2100 0.934 2100 0.785 2100 0.434 1500 1.000 1200 0.706 1200 0.544 1200 0.410 1200 0.647 	3591.146679	1	166.500000
105.0	2100 0.559 2100 0.651 2100 0.582 1600 0.524 1200 0.629 1200 0.994 1200 1.000 1200 0.558 	3026.472225	1	161.000000
106.0	2100 0.878 2100 0.947 2100 0.422 1600 0.773 1200 0.323 1200 0.493 1200 0.563 1200 0.504 	3605.905079	0	0.000000
107.0	2100 0.367 2100 0.591 2100 0.566 1600 0.723 1200 1.000 1200 1.000 1200 0.690 1200 0.647 	2823.362637	2	300.000000
108.0	2100 0.944 2100 0.787 2100 0.793 1600 0.522 1200 0.347 1200 0.551 1200 0.353 1200 0.397 	3779.359472	0	0.000000
109.0	2100 0.571 2100 0.566 2100 0.541 1600 0.000 1200 1.000 1200 1.000 1200 1.000 1200 0.656 	2617.615714	3	859.000000
110.0	2100 0.517 2100 0.840 2100 0.850 1300 1.000 1200 0.339 1200 0.404 1200 0.593 1200 0.579 	3509.183846	1	409.500000
111.0	2100 0.565 2100 0.704 2100 0.586 1400 0.000 1200 1.000 1200 0.532 1200 1.000 1200 1.000 	2829.533175	3	382.000000
112.0	2100 0.479 2100 0.747 2100 0.919 1300 0.726 1200 0.593 1200 0.413 1200 1.000 1200 0.523 	3388.376886	1	141.000000
113.0	2100 0.640 2100 0.463 2100 0.892 1300 0.949 1200 0.703 1200 0.466 1200 1.000 1200 0.666 	3328.220488	1	154.000000
114.0	2100 0.604 2100 0.426 2100 0.819 1400 1.000 1200 1.000 1200 0.668 1200 0.656 1200 0.618 	3198.425128	2	172.000000
115.0	2100 0.853 2100 0.674 2100 0.548 1500 0.638 1200 0.651 1200 0.562 1200 0.635 1200 1.000 	3366.387485	1	56.000000
116.0	2100 0.857 2100 0.707 2100 0.580 1500 0.539 1200 1.000 1200 0.537 1200 0.547 1200 0.638 	3387.630708	1	223.000000
117.0	2100 0.577 2100 0.441 2100 0.564 1500 0.805 1200 1.000 1200 1.000 1200 0.712 1200 0.679 	2886.486969	2	411.000000
118.0	2100 0.742 2100 0.798 2100 0.514 1500 0.789 1200 0.529 1200 0.389 1200 0.921 1200 0.477 	3354.188088	0	0.000000
119.0	2100 0.576 2100 0.407 2100 0.569 1500 0.798 1200 1.000 1200 0.570 1200 0.425 1200 1.000 	2794.696996	2	310.000000
120.0	2100 0.479 2100 0.850 2100 0.780 1500 0.813 1200 0.959 1200 0.497 1200 0.724 1200 0.470 	3477.641636	0	0.000000
121.0	2100 0.845 2100 0.791 2100 0.896 1500 0.569 1200 0.638 1200 0.422 1200 0.367 1200 0.458 	3799.662405	0	0.000000
122.0	2100 0.628 2100 0.751 2100 0.713 1500 0.595 1200 0.685 1200 0.495 1200 1.000 1200 0.348 	3325.356606	1	34.000000
123.0	2100 0.577 2100 0.564 2100 0.559 1500 0.000 1200 0.607 1200 1.000 1200 1.000 1200 1.000 	2637.299048	3	507.000000
124.0	2100 0.462 2100 0.596 2100 0.815 1300 1.000 1200 0.452 1200 0.503 1200 0.702 1200 1.000 	3171.090379	2	145.000000
125.0	2100 0.697 2100 0.970 2100 0.890 1400 0.588 1200 0.610 1200 0.339 1200 0.320 1200 0.472 	3777.053077	0	0.000000
126.0	2100 0.577 2100 0.555 2100 0.574 1400 0.654 1200 0.532 1200 1.000 1200 1.000 1200 0.686 	2893.444689	2	295.000000
127.0	2100 0.562 2100 0.396 2100 0.594 1400 0.860 1200 0.602 1200 1.000 1200 1.000 1200 0.749 	2802.206386	2	607.000000
128.0	2100 0.508 2100 0.896 2100 0.833 1500 1.000 1200 0.608 1200 0.298 1200 0.407 1200 0.528 	3641.982479	1	373.000000
129.0	2100 0.550 2100 0.662 2100 0.550 1600 0.000 1200 1.000 400 1.000 1200 1.000 1200 1.000 	2666.095238	4	1154.000000
130.0	2100 0.997 2100 1.000 2100 0.958 1300 0.788 1200 0.689 500 1.000 1200 0.361 1200 0.000 	4304.514965	2	519.423077
131.0	2100 0.698 2100 0.561 2100 0.563 1300 0.000 1200 1.000 600 1.000 1200 1.000 400 1.000 	2654.608364	5	1971.000000
132.0	2100 0.506 2100 0.911 2100 0.847 1300 1.000 1200 0.738 700 1.000 1200 0.422 500 1.000 	3563.544032	3	1999.500000
133.0	2100 0.807 2100 0.859 2100 0.764 1400 1.000 1200 0.553 800 0.691 1200 0.625 600 0.672 	3787.042083	1	1078.000000
134.0	2100 0.449 2100 0.672 2100 1.000 1500 0.842 1200 0.722 800 0.626 1200 1.000 600 1.000 	3460.333407	3	612.076923
135.0	2100 0.683 2100 0.583 2100 0.547 1500 0.000 1200 1.000 800 1.000 1200 1.000 700 1.000 	2681.008938	4	1571.000000
136.0	2100 0.731 2100 0.683 2100 1.000 1300 0.809 1200 0.582 900 0.652 1200 0.660 800 1.000 	3709.198146	2	306.500000
137.0	2100 0.634 2100 0.961 2100 0.578 1300 0.720 1200 1.000 900 0.714 1200 0.675 900 0.966 	3436.790686	1	58.000000
138.0	2100 0.562 2100 0.587 2100 0.963 1300 0.760 1200 0.956 900 0.511 1200 0.841 1000 0.771 	3370.433126	0	0.000000
139.0	2100 0.580 2100 0.580 2100 0.370 1300 0.893 1200 1.000 900 0.657 1200 0.912 1000 0.923 	2714.355764	1	7.000000
140.0	2100 0.487 2100 0.966 2100 0.927 1400 0.930 1200 0.604 900 0.616 1200 0.600 1100 0.526 	3734.367042	0	0.000000
141.0	2100 0.550 2100 0.569 2100 0.584 1500 0.612 1200 0.952 900 1.000 1200 1.000 1100 0.911 	2928.051878	2	129.000000
142.0	2100 0.810 2100 0.732 2100 0.588 1500 0.587 1200 0.584 1000 0.530 1200 0.478 1200 0.942 	3349.893614	0	0.000000
143.0	2100 0.428 2100 0.585 2100 0.562 1500 0.789 1200 0.757 1000 0.978 1200 1.000 1200 0.736 	2840.145201	1	444.000000
144.0	2100 0.857 2100 0.495 2100 0.935 1500 1.000 1200 0.695 1100 0.750 1200 0.350 1200 0.390 	3734.443053	1	49.500000
145.0	2100 0.583 2100 0.581 2100 0.561 1600 0.000 1200 1.000 1100 1.000 1200 0.863 1200 1.000 	2681.372698	3	879.000000
146.0	2100 1.000 2100 0.952 2100 1.000 1300 0.882 1200 0.318 1200 0.531 1200 0.691 1200 0.000 	4372.354000	2	172.069930
147.0	2100 0.456 2100 0.768 2100 0.754 1400 0.914 1200 0.545 1200 0.867 1200 0.823 400 1.000 	3260.678530	1	82.000000
148.0	2100 0.479 2100 0.747 2100 0.669 1500 0.951 1200 0.728 1200 0.938 1200 0.818 500 1.000 	3285.078950	1	162.000000
149.0	2100 0.953 2100 0.752 2100 0.792 1600 0.565 1200 0.311 1200 0.829 1200 0.320 600 1.000 	3782.159475	1	219.000000
150.0	2100 0.569 2100 0.599 2100 0.572 1600 0.513 1200 1.000 1200 0.994 1200 1.000 700 0.909 	2970.096348	2	223.000000
151.0	2100 1.000 2100 0.799 2100 0.795 1600 0.489 1200 0.698 1200 0.559 1200 0.690 800 0.840 	3930.004765	1	21.500000
152.0	2100 0.547 2100 0.594 2100 0.546 1600 0.000 1200 1.000 1200 1.000 1200 1.000 800 0.946 	2594.985893	3	802.000000
153.0	2100 0.910 2100 0.518 2100 0.894 1300 1.000 1200 0.362 1200 0.336 1200 0.412 900 0.486 	3592.400427	1	666.000000
154.0	2100 1.000 2100 0.463 2100 0.832 1400 1.000 1200 0.363 1200 0.351 1200 0.652 900 0.616 	3621.764176	2	377.461538
155.0	2100 0.769 2100 0.642 2100 0.888 1500 0.614 1200 0.480 1200 0.918 1200 0.430 900 0.597 	3560.022454	0	0.000000
156.0	2100 0.544 2100 0.594 2100 0.573 1500 0.599 1200 0.806 1200 1.000 1200 1.000 900 0.799 	2928.574835	2	851.000000
157.0	2100 0.990 2100 0.958 2100 0.561 1500 0.981 1200 0.390 1200 0.402 1200 0.356 900 0.804 	3954.500320	0	0.000000
158.0	2100 0.694 2100 0.674 2100 0.432 1600 0.933 1200 0.484 1200 0.482 1200 1.000 900 0.514 	3174.000527	1	286.000000
159.0	2100 0.467 2100 0.717 2100 0.602 1700 0.906 1200 0.593 1200 0.658 1200 1.000 900 0.827 	3312.190823	1	40.000000
160.0	2100 0.490 2100 0.543 2100 0.731 1800 0.931 1200 0.470 1200 0.988 1200 0.473 900 0.891 	3381.924359	0	0.000000
161.0	2100 0.454 2100 0.702 2100 0.894 1900 0.914 1200 0.464 1200 0.516 1200 0.678 1000 0.471 	3761.862257	0	0.000000
162.0	2100 0.595 2100 0.568 2100 0.550 2000 0.441 1200 0.966 1200 1.000 1200 0.643 1000 1.000 	3101.191795	2	110.000000
163.0	2100 0.571 2100 0.439 2100 0.741 2000 0.876 1200 0.998 1200 0.826 1200 0.678 1100 0.681 	3602.837680	0	0.000000
164.0	2100 0.653 2100 0.429 2100 0.799 2100 0.688 1200 0.715 1200 0.811 1200 0.429 1100 0.686 	3624.853916	0	0.000000
165.0	2100 0.426 2100 0.575 2100 0.552 2100 0.568 1200 0.674 1200 1.000 1200 0.712 1100 0.605 	3091.335532	1	20.000000
166.0	2100 0.628 2100 0.423 2100 0.718 2100 0.790 1200 1.000 1200 0.672 1200 0.496 1100 0.514 	3620.538746	1	33.000000
167.0	2100 0.420 2100 0.729 2100 0.584 2100 0.757 1200 0.632 1200 0.541 1200 0.978 1100 0.506 	3529.909911	0	0.000000
168.0	2100 0.676 2100 0.976 2100 0.436 2100 0.947 1200 0.292 1200 0.380 1200 0.668 1100 0.463 	4125.550311	0	0.000000
169.0	2100 0.579 2100 0.570 2100 0.583 2100 0.402 400 1.000 1200 0.981 1200 1.000 1100 0.538 	3075.937282	2	535.000000
170.0	2100 0.595 2100 0.586 2100 0.553 2100 0.000 500 1.000 1200 1.000 1200 1.000 1100 1.000 	2614.266667	4	1350.000000
171.0	2100 1.000 2100 0.987 2100 0.640 1300 0.998 600 0.923 1200 0.773 1200 0.618 1200 0.398 	4066.282210	1	325.615385
172.0	2100 0.565 2100 0.662 2100 0.428 1400 0.896 700 1.000 1200 1.000 1200 0.819 1200 0.678 	2892.175690	2	576.000000
173.0	2100 0.726 2100 0.877 2100 1.000 1500 0.609 800 0.940 1200 0.528 1200 0.602 1200 0.488 	3927.528242	1	126.500000
174.0	2100 0.592 2100 0.794 2100 0.697 1500 0.658 900 0.880 1200 0.662 1200 0.684 1200 1.000 	3389.139597	1	70.000000
175.0	2100 0.860 2100 0.462 2100 0.564 1500 0.842 1000 0.831 1200 0.697 1200 0.888 1200 1.000 	3266.984949	1	80.000000
176.0	2100 0.546 2100 0.581 2100 0.554 1500 0.000 1000 1.000 1200 1.000 1200 0.899 1200 1.000 	2608.425873	3	953.000000
177.0	2100 0.930 2100 0.987 2100 0.558 1300 0.949 1100 0.357 1200 0.614 1200 0.317 1200 0.341 	3789.130788	0	0.000000
178.0	2100 0.587 2100 0.549 2100 0.588 1400 0.648 1100 1.000 1200 0.752 1200 0.719 1200 0.986 	2920.822259	1	236.000000
179.0	2100 0.768 2100 0.762 2100 0.457 1400 0.957 1200 0.471 1200 0.558 1200 0.548 1200 0.917 	3301.528266	0	0.000000
180.0	2100 0.437 2100 0.799 2100 0.958 1500 1.000 1200 0.584 1200 0.406 1200 0.364 1200 0.423 	3578.418901	1	8.000000
181.0	2100 0.776 2100 0.550 2100 0.761 1600 0.540 1200 0.508 1200 0.888 1200 0.758 1200 0.343 	3332.715672	0	0.000000
182.0	2100 0.570 2100 0.575 2100 0.551 1600 0.571 1200 0.734 1200 0.787 1200 1.000 1200 0.952 	2967.933266	1	219.000000
183.0	2100 0.640 2100 0.918 2100 0.909 1600 0.511 1200 0.350 1200 0.498 1200 0.306 1200 0.484 	3696.514986	0	0.000000
184.0	2100 0.563 2100 0.581 2100 0.541 1600 0.518 1200 0.643 1200 0.592 1200 1.000 1200 0.992 	2889.795459	1	314.000000
185.0	2100 0.603 2100 0.754 2100 0.494 1600 0.948 1200 0.537 1200 1.000 1200 0.512 1200 0.529 	3288.391047	1	98.000000
186.0	2100 0.976 2100 0.460 2100 0.930 1700 0.667 1200 0.382 1200 0.642 1200 0.696 1200 0.572 	3827.330721	0	0.000000
187.0	2100 0.547 2100 0.594 2100 0.595 1700 0.477 1200 1.000 1200 0.452 1200 1.000 1200 0.572 	2966.204109	2	199.000000
188.0	2100 0.445 2100 0.590 2100 0.576 1700 0.697 1200 0.502 1200 1.000 1200 1.000 1200 0.546 	2969.787015	2	372.000000
189.0	2100 0.723 2100 0.507 2100 0.805 1700 0.719 1200 0.458 1200 1.000 1200 0.444 1200 0.683 	3476.454460	1	233.000000
190.0	2100 0.543 2100 0.444 2100 0.582 1700 0.677 1200 0.713 1200 1.000 1200 1.000 1200 0.644 	2939.348822	2	281.000000
191.0	2100 0.965 2100 0.924 2100 0.624 1700 0.492 1200 0.299 1200 0.613 1200 0.495 1200 0.701 	3863.833754	0	0.000000
192.0	2100 0.592 2100 0.705 2100 0.790 1700 0.520 400 0.952 1200 0.683 1200 0.518 1200 1.000 	3368.807613	1	252.000000
193.0	2100 0.530 2100 0.581 2100 0.575 1700 0.705 500 0.916 1200 0.889 1200 1.000 1200 0.887 	3065.859381	1	274.000000
194.0	2100 0.770 2100 0.773 2100 0.598 1700 0.514 600 1.000 1200 0.599 1200 1.000 1200 0.493 	3435.261690	2	268.000000
195.0	2100 0.590 2100 0.561 2100 0.411 1700 0.669 700 0.779 1200 1.000 1200 0.903 1200 1.000 	2902.562006	2	510.000000
196.0	2100 0.592 2100 0.596 2100 0.589 1700 0.686 700 0.630 1200 0.812 1200 0.859 1200 1.000 	3157.706409	1	59.000000
197.0	2100 0.417 2100 0.603 2100 0.595 1700 0.683 700 0.819 1200 1.000 1200 0.871 1200 1.000 	2979.658541	2	227.000000
198.0	2100 0.740 2100 0.930 2100 0.892 1700 0.487 700 0.819 1200 0.590 1200 0.413 1200 0.393 	3872.607212	0	0.000000
199.0	2100 0.765 2100 0.785 2100 0.569 1700 0.466 700 0.741 1200 0.609 1200 0.773 1200 0.924 	3395.289527	0	0.000000
200.0	2100 0.599 2100 0.772 2100 0.429 1700 0.858 700 0.651 1200 0.707 1200 0.931 1200 0.706 	3274.664361	0	0.000000
201.0	2100 0.567 2100 0.419 2100 0.585 1800 0.634 700 0.549 1200 0.803 1200 1.000 1200 0.962 	2941.380476	1	47.000000
202.0	2100 0.570 2100 0.557 2100 0.563 1800 0.000 700 0.891 1200 0.957 1200 1.000 1200 1.000 	2584.946349	2	749.000000
203.0	2100 0.970 2100 0.559 2100 0.876 1300 1.000 800 1.000 1200 0.523 1200 0.563 1200 0.416 	3764.904823	2	794.500000
204.0	2100 1.000 2100 0.872 2100 0.748 1400 0.590 900 0.799 1200 0.483 1200 0.452 1200 0.640 	3895.124505	1	501.769231
205.0	2100 0.761 2100 0.819 2100 1.000 1400 0.607 900 0.934 1200 0.458 1200 0.623 1200 0.560 	3870.128474	1	180.269231
206.0	2100 0.624 2100 0.594 2100 0.553 1400 0.000 1000 1.000 1200 1.000 1200 1.000 1200 1.000 	2738.072393	4	849.000000
207.0	2100 0.815 2100 1.000 2100 0.741 1300 0.820 1100 0.618 1200 0.512 1200 0.307 1200 0.444 	3864.507789	1	83.730769
208.0	2100 0.721 2100 0.565 2100 0.884 1300 0.585 1100 0.758 1200 0.544 1200 0.705 1200 0.479 	3338.695512	0	0.000000
209.0	2100 0.590 2100 0.570 2100 0.423 1300 0.951 1100 0.682 1200 1.000 1200 0.731 1200 0.970 	2853.141815	1	265.000000
210.0	2100 0.627 2100 0.503 2100 0.729 1400 1.000 1100 0.753 1200 0.532 1200 0.782 1200 0.841 	3190.559651	1	169.000000
211.0	2100 1.000 2100 0.875 2100 0.632 1500 0.514 1100 0.522 1200 0.300 1200 0.372 1200 0.403 	3692.074733	1	89.000000
212.0	2100 0.583 2100 0.625 2100 0.584 1500 0.610 1100 0.975 1200 1.000 1200 0.718 1200 0.561 	3016.225996	1	423.000000
213.0	2100 0.542 2100 0.907 2100 0.608 1500 0.810 1200 0.750 1200 0.570 1200 0.832 1200 0.892 	3459.109990	0	0.000000
214.0	2100 0.893 2100 0.469 2100 0.563 1500 0.772 1200 0.567 1200 0.566 1200 0.836 1200 0.956 	3253.672672	0	0.000000
215.0	2100 0.549 2100 0.555 2100 0.602 1500 0.000 1200 1.000 1200 1.000 1200 1.000 1200 1.000 	2694.665714	4	980.000000
216.0	2100 0.978 2100 0.853 2100 0.526 1300 1.000 1200 0.557 1200 0.429 1200 0.503 1200 0.403 	3700.395971	1	372.000000
217.0	2100 0.550 2100 0.677 2100 0.394 1400 0.896 1200 1.000 1200 1.000 1200 0.635 1200 1.000 	2943.785641	3	139.000000
218.0	2100 0.466 2100 0.822 2100 0.859 1500 1.000 1200 0.583 1200 0.569 1200 0.437 1200 0.347 	3539.607582	1	280.000000
219.0	2100 0.552 2100 0.629 2100 0.581 1600 0.000 1200 0.933 1200 1.000 1200 1.000 1200 1.000 	2758.419365	3	371.000000
220.0	2100 0.738 2100 0.867 2100 0.483 1300 0.801 1200 0.866 1200 0.881 1200 0.446 1200 0.671 	3388.188938	0	0.000000
221.0	2100 0.454 2100 0.904 2100 0.842 1300 1.000 1200 0.462 1200 0.678 1200 0.305 1200 0.343 	3483.962100	1	392.500000
222.0	2100 0.584 2100 0.677 2100 0.563 1400 0.610 1200 1.000 1200 1.000 1200 0.756 1200 1.000 	3090.697802	3	430.000000
223.0	2100 0.547 2100 0.368 2100 0.571 1400 0.859 1200 0.940 1200 1.000 1200 1.000 1200 0.748 	2758.944676	2	270.000000
224.0	2100 0.983 2100 0.460 2100 0.626 1500 0.779 1200 0.551 1200 1.000 1200 0.440 1200 0.752 	3421.245705	1	46.000000
225.0	2100 0.716 2100 0.892 2100 0.945 1500 0.589 1200 0.635 1200 0.320 1200 0.548 1200 0.554 	3859.700977	0	0.000000
226.0	2100 0.594 2100 0.914 2100 0.550 1500 0.583 1200 0.787 1200 0.559 1200 0.604 1200 0.838 	3307.979634	0	0.000000
227.0	2100 0.598 2100 0.921 2100 0.560 1500 0.553 1200 0.864 1200 0.874 1200 0.609 1200 0.595 	3339.211929	0	0.000000
228.0	2100 0.581 2100 0.547 2100 0.588 1500 0.000 1200 1.000 1200 0.998 1200 0.947 1200 1.000 	2700.531111	2	719.000000
229.0	2100 1.000 2100 0.799 2100 0.482 1300 1.000 1200 0.660 1200 0.413 1200 0.603 1200 0.682 	3659.879988	2	671.653846
230.0	2100 0.777 2100 0.595 2100 0.557 1400 0.588 1200 0.784 1200 0.577 1200 0.845 1200 1.000 	3147.870696	1	57.000000
231.0	2100 0.544 2100 0.423 2100 0.595 1400 0.849 1200 0.982 1200 1.000 1200 0.667 1200 0.963 	2842.400977	1	195.000000
232.0	2100 0.466 2100 0.639 2100 0.864 1400 0.980 1200 0.695 1200 0.667 1200 0.719 1200 0.908 	3349.822784	0	0.000000
233.0	2100 0.467 2100 0.866 2100 0.545 1500 0.949 1200 0.802 1200 0.588 1200 0.367 1200 0.495 	3203.514393	0	0.000000
234.0	2100 0.774 2100 0.595 2100 0.743 1600 0.559 1200 0.974 1200 0.704 1200 0.572 1200 0.713 	3432.877219	0	0.000000
235.0	2100 0.578 2100 0.438 2100 0.588 1600 0.709 1200 0.662 1200 0.992 1200 1.000 1200 0.925 	2947.673849	1	388.000000
236.0	2100 0.565 2100 0.488 2100 0.577 1600 0.736 1200 1.000 1200 0.762 1200 0.914 1200 0.723 	2975.533542	1	129.000000
237.0	2100 0.596 2100 0.807 2100 0.436 1600 0.869 1200 0.488 1200 0.538 1200 0.903 1200 0.447 	3198.908703	0	0.000000
238.0	2100 0.588 2100 0.600 2100 0.560 1700 0.536 1200 1.000 1200 1.000 1200 0.665 1200 0.676 	3063.731616	2	612.000000
239.0	2100 0.569 2100 0.561 2100 0.835 1700 0.940 1200 0.648 1200 0.683 1200 0.312 1200 0.839 	3536.644543	0	0.000000
240.0	2100 1.000 2100 0.909 2100 0.550 1800 0.539 1200 0.582 1200 0.667 1200 0.634 1200 0.699 	3955.399072	1	1.000000
241.0	2100 0.928 2100 0.942 2100 0.589 1800 0.490 1200 0.476 1200 0.502 1200 0.439 1200 0.300 	3806.945531	0	0.000000
242.0	2100 0.458 2100 0.754 2100 0.709 1800 0.693 1200 0.526 1200 0.595 1200 0.949 1200 0.870 	3438.658413	0	0.000000
243.0	2100 0.396 2100 0.745 2100 0.608 1800 0.879 1200 0.598 1200 0.854 1200 0.890 1200 0.536 	3371.603614	0	0.000000
244.0	2100 0.727 2100 0.584 2100 0.852 1900 0.464 1200 0.492 1200 0.585 1200 0.803 1200 0.702 	3551.616124	0	0.000000
245.0	2100 0.438 2100 0.843 2100 0.554 1900 0.749 1200 0.805 1200 0.876 1200 0.665 1200 0.651 	3454.906033	0	0.000000
246.0	2100 0.550 2100 0.434 2100 0.561 1900 0.604 1200 0.619 1200 1.000 1200 1.000 1200 1.000 	3017.511733	3	494.000000
247.0	2100 0.620 2100 0.722 2100 0.782 1900 0.569 1200 0.643 1200 1.000 1200 0.653 1200 0.747 	3661.029987	1	55.000000
248.0	2100 0.592 2100 0.594 2100 0.447 1900 0.653 1200 0.848 1200 0.648 1200 1.000 1200 0.900 	3151.165346	1	8.000000
249.0	2100 0.545 2100 0.392 2100 0.553 1900 0.656 1200 1.000 1200 1.000 1200 0.830 1200 0.685 	2984.380577	2	272.000000
250.0	2100 0.847 2100 0.457 2100 0.763 1900 0.661 1200 1.000 1200 0.421 1200 0.433 1200 0.440 	3580.858966	1	61.000000
251.0	2100 0.432 2100 0.595 2100 0.903 1900 1.000 1200 0.384 1200 0.364 1200 0.385 1200 0.423 	3638.127179	1	91.538462
252.0	2100 0.561 2100 0.579 2100 0.553 2000 0.000 1200 1.000 1200 1.000 1200 0.675 1200 0.935 	2628.520977	2	552.000000
253.0	2100 0.802 2100 0.496 2100 0.807 1300 0.873 1200 0.920 1200 0.477 1200 0.708 1200 0.563 	3416.021392	0	0.000000
254.0	2100 0.419 2100 0.792 2100 0.730 1400 0.815 1200 0.560 1200 1.000 1200 0.539 1200 0.437 	3182.630586	1	171.000000
255.0	2100 0.549 2100 0.430 2100 0.583 1400 0.865 1200 1.000 1200 1.000 1200 0.653 1200 0.704 	2818.762039	2	903.000000
256.0	2100 0.661 2100 0.924 2100 0.498 1500 0.788 1200 0.459 1200 0.575 1200 0.689 1200 0.990 	3439.770794	0	0.000000
257.0	2100 0.551 2100 0.559 2100 0.584 1500 0.588 1200 0.662 1200 1.000 1200 0.679 1200 1.000 	2910.671441	2	710.000000
258.0	2100 0.880 2100 1.000 2100 0.588 1500 0.991 1200 0.479 1200 0.464 1200 0.483 1200 0.496 	3945.068962	1	160.192308
259.0	2100 0.794 2100 0.895 2100 0.874 1600 0.572 1200 0.316 1200 0.326 1200 0.450 1200 0.592 	3864.811918	0	0.000000
260.0	2100 0.692 2100 0.795 2100 0.646 1600 0.541 1200 0.502 1200 1.000 1200 0.615 1200 0.646 	3424.944246	1	36.000000
261.0	2100 0.746 2100 0.664 2100 0.691 1600 0.572 1200 0.665 1200 0.669 1200 1.000 1200 0.688 	3434.444905	1	196.000000
262.0	2100 0.480 2100 0.772 2100 0.888 1600 1.000 1200 0.363 1200 0.502 1200 0.350 1200 0.402 	3573.904090	1	34.000000
263.0	2100 0.572 2100 0.591 2100 0.568 1700 0.537 1200 0.510 1200 0.607 1200 0.976 1200 1.000 	3012.329236	1	126.000000
264.0	2100 0.425 2100 0.755 2100 0.636 1700 0.823 1200 0.447 1200 0.521 1200 0.451 1200 1.000 	3249.338997	1	80.000000
265.0	2100 0.424 2100 0.797 2100 0.713 1700 0.778 1200 0.700 1200 0.447 1200 0.563 1200 1.000 	3403.503983	1	61.000000
266.0	2100 0.715 2100 0.719 2100 0.381 1700 0.832 1200 0.668 1200 0.345 1200 1.000 1200 0.506 	3267.545938	1	32.000000
267.0	2100 0.462 2100 0.792 2100 0.859 1700 1.000 1200 0.374 1200 0.322 1200 0.527 1200 0.446 	3669.876093	1	41.000000
268.0	2100 0.602 2100 0.553 2100 0.599 1800 0.446 1200 1.000 1200 0.737 1200 1.000 1200 0.503 	3047.732772	2	363.000000
269.0	2100 0.945 2100 0.496 2100 0.802 1800 0.850 1200 0.494 1200 0.661 1200 0.700 1200 0.339 	3898.243504	0	0.000000
270.0	2100 0.453 2100 0.670 2100 0.696 1900 0.770 1200 0.725 1200 1.000 1200 0.518 1200 0.558 	3429.082548	1	265.000000
271.0	2100 0.816 2100 0.500 2100 0.839 1900 0.937 1200 0.686 1200 0.500 1200 0.642 1200 0.637 	3979.097411	0	0.000000
272.0	2100 0.795 2100 0.685 2100 0.681 2000 0.457 1200 0.682 1200 0.430 1200 0.973 1200 0.662 	3630.142424	0	0.000000
273.0	2100 0.438 2100 0.845 2100 0.760 2000 0.912 1200 0.576 1200 0.368 1200 0.524 1200 0.696 	3907.246521	0	0.000000
274.0	2100 0.543 2100 0.556 2100 0.397 2100 0.557 1200 1.000 1200 0.642 1200 0.922 1200 0.884 	3073.530488	1	217.000000
275.0	2100 0.647 2100 0.626 2100 0.418 2100 0.769 1200 0.776 1200 0.922 1200 0.679 1200 0.519 	3529.236398	0	0.000000
276.0	2100 0.665 2100 0.404 2100 0.793 2100 0.622 1200 0.611 1200 0.863 1200 0.679 1200 0.584 	3542.582491	0	0.000000
277.0	2100 0.405 2100 0.597 2100 0.562 2100 0.543 1200 0.682 1200 0.629 1200 1.000 1200 1.000 	3126.918034	2	348.000000
278.0	2100 0.648 2100 0.499 2100 0.818 2100 0.614 1200 0.529 1200 0.683 1200 1.000 1200 0.577 	3670.617875	1	122.000000
279.0	2100 0.813 2100 0.435 2100 0.670 2100 0.611 1200 0.932 1200 0.473 1200 0.497 1200 0.687 	3579.998608	0	0.000000
280.0	2100 0.578 2100 0.393 2100 0.594 2100 0.574 1200 0.546 1200 0.531 1200 0.956 1200 1.000 	3132.412491	1	18.000000
281.0	2100 0.563 2100 0.590 2100 0.586 2100 0.000 1200 1.000 1200 1.000 1200 0.549 1200 1.000 	2682.547460	3	392.000000
282.0	2100 0.471 2100 0.874 2100 0.980 1300 1.000 1200 0.315 1200 0.486 1200 0.632 1200 0.678 	3685.392906	1	224.000000
283.0	2100 0.425 2100 0.827 2100 0.688 1400 0.864 1200 0.573 1200 0.526 1200 0.491 1200 1.000 	3210.030647	1	223.000000
284.0	2100 0.423 2100 0.776 2100 0.916 1500 1.000 1200 0.688 1200 0.675 1200 0.598 1200 0.344 	3543.283211	1	200.500000
285.0	2100 0.422 2100 0.552 2100 0.627 1600 0.717 1200 0.503 1200 1.000 1200 0.981 1200 0.850 	2917.488204	1	153.000000
286.0	2100 0.417 2100 0.792 2100 0.715 1600 0.839 1200 0.627 1200 0.856 1200 0.838 1200 0.683 	3368.489227	0	0.000000
287.0	2100 0.666 2100 0.700 2100 0.656 1600 0.573 1200 0.645 1200 0.872 1200 0.455 1200 0.538 	3269.697204	0	0.000000
288.0	2100 0.431 2100 0.722 2100 0.767 1600 0.773 1200 0.458 1200 0.494 1200 0.898 1200 0.587 	3252.132121	0	0.000000
289.0	2100 0.597 2100 0.377 2100 0.555 1600 0.772 1200 1.000 1200 0.608 1200 0.637 1200 1.000 	2847.512814	2	240.000000
290.0	2100 0.803 2100 0.987 2100 0.781 1600 0.525 1200 0.707 1200 0.557 1200 0.568 1200 0.334 	3905.861276	0	0.000000
291.0	2100 0.570 2100 0.568 2100 0.582 1600 0.510 1200 0.673 1200 0.592 1200 0.915 1200 1.000 	2925.937747	1	272.000000
292.0	2100 0.823 2100 1.000 2100 0.819 1600 0.557 1200 0.544 1200 0.548 1200 0.335 1200 0.449 	3980.168552	1	14.692308
293.0	2100 0.643 2100 0.671 2100 0.838 1600 0.553 1200 0.661 1200 0.543 1200 1.000 1200 0.672 	3470.460725	1	150.000000
294.0	2100 0.800 2100 0.484 2100 0.835 1600 1.000 1200 0.321 1200 0.600 1200 0.616 1200 0.476 	3596.332894	1	142.500000
295.0	2100 0.460 2100 0.653 2100 0.838 1700 0.717 1200 1.000 1200 0.706 1200 0.467 1200 0.580 	3387.702687	1	209.000000
296.0	2100 0.782 2100 0.497 2100 0.687 1700 0.768 1200 0.630 1200 1.000 1200 0.510 1200 0.470 	3426.782823	1	123.000000
297.0	2100 0.561 2100 0.590 2100 0.555 1700 0.482 1200 0.785 1200 0.874 1200 0.669 1200 1.000 	2967.576176	1	179.000000
298.0	2100 0.749 2100 0.418 2100 0.712 1700 0.834 1200 0.737 1200 0.704 1200 0.955 1200 0.669 	3418.552999	0	0.000000
299.0	2100 0.653 2100 0.646 2100 0.797 1700 0.518 1200 0.554 1200 0.396 1200 0.633 1200 1.000 	3405.338793	1	108.000000
300.0	2100 0.690 2100 0.460 2100 0.722 1700 0.865 1200 0.598 1200 0.950 1200 0.648 1200 0.488 	3387.459485	0	0.000000
301.0	2100 0.557 2100 0.385 2100 0.597 1800 0.700 1200 0.707 1200 1.000 1200 1.000 1200 0.719 	3013.629805	2	734.000000
302.0	2100 0.783 2100 0.963 2100 0.581 1800 0.901 1200 0.492 1200 0.324 1200 0.464 1200 0.706 	4025.096825	0	0.000000
303.0	2100 0.596 2100 0.564 2100 0.373 1900 0.659 1200 0.647 1200 0.664 1200 1.000 1200 1.000 	3016.278004	2	435.000000
304.0	2100 0.504 2100 0.719 2100 0.736 1900 0.640 1200 0.599 1200 1.000 1200 0.571 1200 0.599 	3481.137233	1	312.000000
305.0	2100 0.553 2100 0.504 2100 0.577 1900 0.611 1200 1.000 1200 0.995 1200 0.567 1200 0.380 	3055.854978	1	113.000000
306.0	2100 0.405 2100 0.784 2100 0.692 1900 0.681 1200 0.989 1200 0.493 1200 0.415 1200 0.746 	3402.615674	0	0.000000
307.0	2100 0.563 2100 0.578 2100 0.374 1900 0.644 1200 1.000 1200 0.539 1200 0.697 1200 1.000 	2970.107776	2	454.000000
308.0	2100 0.699 2100 0.743 2100 0.449 1900 0.692 1200 0.553 1200 0.402 1200 0.507 1200 0.982 	3402.790837	0	0.000000
309.0	2100 0.438 2100 0.660 2100 0.781 1900 0.748 1200 1.000 1200 0.550 1200 0.482 1200 0.394 	3438.494560	1	159.000000
310.0	2100 0.544 2100 0.431 2100 0.593 1900 0.643 1200 1.000 1200 0.620 1200 1.000 1200 0.651 	3041.788330	2	447.000000
311.0	2100 0.739 2100 0.750 2100 0.457 1900 0.719 1200 0.631 1200 0.585 1200 1.000 1200 0.507 	3533.384412	1	162.000000
312.0	2100 0.706 2100 0.453 2100 0.756 1900 0.716 1200 0.512 1200 1.000 1200 0.570 1200 0.527 	3476.869429	1	58.000000
313.0	2100 0.600 2100 0.569 2100 0.566 1900 0.420 1200 1.000 1200 0.583 1200 0.746 1200 1.000 	3052.120247	2	283.000000
314.0	2100 0.595 2100 0.470 2100 0.585 1900 0.660 1200 1.000 1200 1.000 1200 0.702 1200 0.553 	3161.530244	2	378.000000
315.0	2100 0.742 2100 0.743 2100 0.461 1900 0.748 1200 0.619 1200 1.000 1200 0.548 1200 0.482 	3553.175766	1	126.000000
316.0	2100 0.690 2100 0.476 2100 0.747 1900 0.766 1200 0.505 1200 0.513 1200 0.672 1200 1.000 	3531.894057	1	56.000000
317.0	2100 0.761 2100 0.751 2100 0.429 1900 0.721 1200 0.501 1200 0.472 1200 0.419 1200 1.000 	3488.501654	1	201.000000
318.0	2100 0.665 2100 0.728 2100 0.458 1900 0.799 1200 0.543 1200 1.000 1200 0.473 1200 0.403 	3451.265376	1	59.000000
319.0	2100 0.483 2100 0.704 2100 0.684 1900 0.852 1200 0.659 1200 1.000 1200 0.523 1200 0.620 	3575.204180	1	174.000000
320.0	2100 0.591 2100 0.386 2100 0.578 2000 0.631 1200 0.555 1200 1.000 1200 1.000 1200 0.478 	3077.238606	2	393.000000
321.0	2100 0.931 2100 0.782 2100 0.434 2000 0.877 1200 0.658 1200 0.356 1200 0.639 1200 0.559 	4009.102000	0	0.000000
322.0	2100 0.561 2100 0.572 2100 0.599 2100 0.400 1200 0.642 1200 1.000 1200 0.598 1200 1.000 	3149.746923	2	723.000000
323.0	2100 0.962 2100 0.546 2100 0.746 2100 0.876 1200 0.618 1200 0.387 1200 0.413 1200 0.551 	4277.872137	0	0.000000
324.0	2100 0.574 2100 0.541 2100 0.571 2100 0.418 1200 0.502 1200 1.000 1200 1.000 1200 0.538 	3088.109451	2	358.000000
325.0	2100 0.751 2100 0.472 2100 0.794 2100 0.593 1200 1.000 1200 0.530 1200 0.446 1200 0.577 	3681.917448	1	169.000000
326.0	2100 0.706 2100 0.611 2100 0.421 2100 0.744 1200 0.392 1200 0.637 1200 1.000 1200 0.525 	3515.460122	1	25.000000
327.0	2100 0.550 2100 0.570 2100 0.572 2100 0.000 1200 1.000 1200 0.677 1200 1.000 1200 1.000 	2636.567302	3	830.000000
328.0	2100 0.842 2100 0.919 2100 0.521 1300 1.000 1200 0.315 1200 0.432 1200 0.677 1200 0.575 	3615.145556	1	557.500000
329.0	2100 0.914 2100 0.653 2100 0.684 1400 0.623 1200 0.692 1200 0.959 1200 0.568 1200 0.656 	3537.359524	0	0.000000
330.0	2100 0.589 2100 0.596 2100 0.585 1400 0.000 1200 0.995 1200 1.000 1200 0.594 1200 1.000 	2726.791270	2	274.000000
331.0	2100 0.420 2100 0.563 2100 0.597 1300 0.907 1200 0.524 1200 1.000 1200 0.551 1200 1.000 	2804.783370	2	418.000000
332.0	2100 0.475 2100 0.988 2100 0.799 1400 1.000 1200 0.416 1200 0.683 1200 0.529 1200 0.323 	3607.475995	1	287.000000
333.0	2100 0.546 2100 0.640 2100 0.558 1500 0.610 1200 0.633 1200 1.000 1200 1.000 1200 0.635 	2976.408449	2	238.000000
334.0	2100 0.804 2100 0.417 2100 0.833 1500 0.636 1200 0.547 1200 0.670 1200 0.683 1200 1.000 	3346.045744	1	296.000000
335.0	2100 0.552 2100 0.411 2100 0.553 1500 0.768 1200 1.000 1200 0.507 1200 0.457 1200 1.000 	2728.459436	2	283.000000
336.0	2100 0.912 2100 0.459 2100 0.872 1500 1.000 1200 0.708 1200 0.569 1200 0.599 1200 0.706 	3743.484737	1	117.500000
337.0	2100 0.588 2100 0.585 2100 0.581 1600 0.550 1200 0.739 1200 1.000 1200 0.678 1200 1.000 	3022.690676	2	485.000000
338.0	2100 0.732 2100 0.516 2100 0.745 1600 0.936 1200 0.494 1200 1.000 1200 0.443 1200 0.706 	3472.326248	1	15.000000
339.0	2100 0.425 2100 0.737 2100 0.855 1700 0.705 1200 0.687 1200 0.542 1200 1.000 1200 0.397 	3447.082945	1	59.000000
340.0	2100 0.589 2100 0.426 2100 0.603 1700 0.700 1200 0.725 1200 1.000 1200 1.000 1200 0.663 	3023.500366	2	749.000000
341.0	2100 0.695 2100 0.471 2100 0.794 1700 0.882 1200 0.642 1200 0.359 1200 0.944 1200 0.349 	3464.171169	0	0.000000
342.0	2100 0.747 2100 0.559 2100 0.748 1800 0.451 1200 0.650 1200 1.000 1200 0.652 1200 0.582 	3395.054982	1	143.000000
343.0	2100 0.633 2100 0.479 2100 0.783 1800 0.782 1200 0.588 1200 0.587 1200 1.000 1200 0.592 	3461.727985	1	84.000000
344.0	2100 0.559 2100 0.401 2100 0.543 1800 0.644 1200 0.697 1200 1.000 1200 0.553 1200 1.000 	2897.927179	2	547.000000
345.0	2100 0.512 2100 0.725 2100 1.000 1800 0.975 1200 0.483 1200 0.398 1200 0.359 1200 0.538 	3945.989792	1	18.769231
346.0	2100 0.717 2100 0.892 2100 0.885 1900 0.486 1200 0.302 1200 0.361 1200 0.620 1200 0.589 	3910.754619	0	0.000000
347.0	2100 0.453 2100 0.714 2100 0.784 1900 0.633 1200 0.558 1200 0.528 1200 1.000 1200 0.616 	3455.021911	1	136.000000
348.0	2100 0.602 2100 0.442 2100 0.593 1900 0.627 1200 0.723 1200 1.000 1200 0.974 1200 0.547 	3112.483689	1	90.000000
349.0	2100 0.426 2100 0.918 2100 0.850 1900 0.840 1200 0.382 1200 0.642 1200 0.605 1200 0.351 	3878.107120	0	0.000000
350.0	2100 0.445 2100 0.778 2100 0.690 1900 0.633 1200 1.000 1200 0.431 1200 0.604 1200 0.657 	3405.529849	1	40.000000
351.0	2100 0.555 2100 0.377 2100 0.541 1900 0.625 1200 1.000 1200 0.457 1200 1.000 1200 0.545 	2868.744838	2	189.000000
352.0	2100 0.489 2100 0.590 2100 0.540 1900 0.609 1200 1.000 1200 0.577 1200 1.000 1200 0.706 	3076.797460	2	275.000000
353.0	2100 0.510 2100 0.544 2100 0.580 1900 0.627 1200 0.551 1200 0.686 1200 1.000 1200 1.000 	3108.122652	2	223.000000
354.0	2100 0.841 2100 0.872 2100 0.462 1900 0.945 1200 0.489 1200 0.431 1200 0.498 1200 0.353 	3926.111026	0	0.000000
355.0	2100 0.801 2100 0.462 2100 0.828 2000 0.922 1200 0.397 1200 0.411 1200 0.631 1200 0.463 	3948.958478	0	0.000000
356.0	2100 0.448 2100 0.666 2100 0.744 2100 0.637 1200 0.609 1200 0.507 1200 1.000 1200 0.632 	3557.470012	1	184.000000
357.0	2100 0.730 2100 0.492 2100 0.703 2100 0.600 1200 1.000 1200 0.515 1200 0.415 1200 0.458 	3550.823248	1	32.000000
358.0	2100 0.570 2100 0.379 2100 0.569 2100 0.568 1200 0.529 1200 1.000 1200 0.662 1200 1.000 	3084.243480	2	286.000000
359.0	2100 0.745 2100 0.425 2100 0.745 2100 0.653 1200 0.569 1200 0.475 1200 0.694 1200 1.000 	3648.269963	1	158.000000
360.0	2100 0.548 2100 0.439 2100 0.551 2100 0.559 1200 0.473 1200 1.000 1200 0.489 1200 1.000 	3070.589719	2	349.000000
361.0	2100 0.383 2100 0.580 2100 0.587 2100 0.591 1200 1.000 1200 1.000 1200 0.730 1200 0.700 	3184.976142	2	539.000000
362.0	2100 0.830 2100 0.814 2100 0.418 2100 0.881 1200 0.293 1200 0.501 1200 0.532 1200 0.395 	4005.993309	0	0.000000
363.0	2100 0.593 2100 0.559 2100 0.595 2100 0.417 400 1.000 1200 1.000 1200 1.000 1200 0.592 	3133.611575	3	462.000000
364.0	2100 0.725 2100 0.481 2100 0.666 2100 0.701 500 0.894 1200 1.000 1200 0.553 1200 0.502 	3596.976830	1	62.000000
365.0	2100 0.461 2100 0.540 2100 0.568 2100 0.558 600 1.000 1200 1.000 1200 1.000 1200 0.504 	3086.664090	3	393.000000
366.0	2100 0.398 2100 0.685 2100 0.746 2100 0.692 700 1.000 1200 0.687 1200 0.605 1200 1.000 	3578.422466	2	392.000000
367.0	2100 0.450 2100 0.661 2100 0.715 2100 0.651 800 1.000 1200 1.000 1200 0.646 1200 0.692 	3533.163162	2	355.000000
368.0	2100 0.697 2100 0.533 2100 0.751 2100 0.699 900 0.884 1200 0.463 1200 0.694 1200 1.000 	3785.100452	1	59.000000
369.0	2100 0.758 2100 0.850 2100 0.433 2100 0.922 1000 0.427 1200 0.402 1200 0.624 1200 0.587 	4056.262917	0	0.000000
370.0	2100 0.471 2100 0.778 2100 0.646 2100 0.733 1000 0.522 1200 0.485 1200 0.514 1200 1.000 	3678.223619	1	36.000000
371.0	2100 0.448 2100 0.714 2100 0.814 2100 0.890 1000 0.510 1200 0.602 1200 0.694 1200 0.407 	3947.817875	0	0.000000
372.0	2100 0.456 2100 0.771 2100 0.653 2100 0.652 1000 0.633 1200 0.637 1200 0.595 1200 0.775 	3564.291564	0	0.000000
373.0	2100 0.570 2100 0.423 2100 0.576 2100 0.543 1000 0.861 1200 1.000 1200 0.548 1200 1.000 	3109.308104	2	462.000000
374.0	2100 0.783 2100 0.463 2100 0.860 2100 0.927 1100 0.478 1200 0.608 1200 0.579 1200 0.523 	4169.905865	0	0.000000
375.0	2100 0.466 2100 0.677 2100 0.788 2100 0.639 1100 0.800 1200 0.755 1200 0.629 1200 0.842 	3671.274982	0	0.000000
376.0	2100 0.591 2100 0.590 2100 0.545 2100 0.378 1100 1.000 1200 1.000 1200 0.707 1200 0.617 	3102.746422	2	309.000000
377.0	2100 0.923 2100 0.810 2100 0.439 2100 0.760 1200 0.699 1200 0.467 1200 0.509 1200 0.674 	4070.978327	0	0.000000
378.0	2100 0.548 2100 0.543 2100 0.571 2100 0.435 1200 0.700 1200 1.000 1200 1.000 1200 0.817 	3139.701917	2	186.000000
379.0	2100 0.597 2100 0.403 2100 0.577 2100 0.567 1200 1.000 1200 0.835 1200 0.611 1200 0.988 	3189.198242	1	135.000000
380.0	2100 0.430 2100 0.542 2100 0.563 2100 0.580 1200 0.623 1200 0.551 1200 1.000 1200 1.000 	3119.940806	2	240.000000
381.0	2100 0.771 2100 0.473 2100 0.956 2100 0.787 1200 0.399 1200 0.406 1200 0.654 1200 0.447 	4086.073712	0	0.000000
382.0	2100 0.599 2100 0.546 2100 0.585 2100 0.000 1200 1.000 1200 0.668 1200 1.000 1200 1.000 	2684.944603	3	435.000000
383.0	2100 0.811 2100 0.405 2100 0.789 1300 0.889 1200 0.616 1200 1.000 1200 0.452 1200 0.364 	3266.130659	1	99.000000
384.0	2100 0.395 2100 0.753 2100 0.779 1400 0.918 1200 0.512 1200 0.669 1200 0.536 1200 1.000 	3234.118278	1	313.000000
385.0	2100 0.841 2100 0.512 2100 0.807 1500 1.000 1200 0.306 1200 0.687 1200 0.464 1200 0.455 	3552.050586	1	359.500000
386.0	2100 0.818 2100 0.770 2100 1.000 1600 0.492 1200 0.437 1200 0.675 1200 0.354 1200 0.681 	3905.785218	1	180.153846
387.0	2100 0.417 2100 0.698 2100 0.844 1600 0.748 1200 0.582 1200 0.592 1200 1.000 1200 0.575 	3325.780978	1	178.000000
388.0	2100 0.478 2100 0.833 2100 0.929 1600 0.980 1200 0.337 1200 0.463 1200 0.488 1200 0.322 	3690.913944	0	0.000000
389.0	2100 0.594 2100 0.554 2100 0.541 1700 0.541 1200 0.688 1200 0.668 1200 1.000 1200 1.000 	2993.571699	2	681.000000
390.0	2100 0.545 2100 0.846 2100 0.855 1700 0.708 1200 0.728 1200 0.353 1200 0.989 1200 0.558 	3745.435894	0	0.000000
391.0	2100 0.599 2100 0.378 2100 0.558 1700 0.674 1200 1.000 1200 0.444 1200 0.390 1200 1.000 	2828.411796	2	142.000000
392.0	2100 0.397 2100 0.590 2100 0.561 1700 0.707 1200 0.665 1200 1.000 1200 0.532 1200 1.000 	2915.278084	2	320.000000
393.0	2100 1.000 2100 0.484 2100 0.818 1700 0.918 1200 0.294 1200 0.673 1200 0.573 1200 0.338 	3879.902041	1	107.807692
394.0	2100 0.553 2100 0.627 2100 0.437 1800 0.671 400 1.000 1200 0.644 1200 1.000 1200 1.000 	3015.827619	3	932.000000
395.0	2100 0.758 2100 0.705 2100 0.581 1800 0.842 500 1.000 1200 0.582 1200 0.627 1200 1.000 	3664.799621	2	290.000000
396.0	2100 0.627 2100 0.798 2100 0.674 1800 0.553 600 1.000 1200 0.776 1200 1.000 1200 0.473 	3497.227753	2	353.000000
397.0	2100 0.816 2100 0.459 2100 0.903 1800 0.954 700 0.623 1200 0.673 1200 0.399 1200 0.695 	3878.720093	0	0.000000
398.0	2100 0.580 2100 0.562 2100 0.547 1900 0.441 700 1.000 1200 1.000 1200 0.660 1200 1.000 	2973.750166	3	653.000000
399.0	2100 1.000 2100 0.738 2100 0.473 1900 0.955 800 0.548 1200 0.478 1200 0.557 1200 0.325 	3960.914707	1	9.000000
400.0	2100 0.460 2100 0.597 2100 0.743 2000 0.830 800 0.683 1200 0.478 1200 1.000 1200 0.718 	3543.541560	1	178.000000
401.0	2100 0.652 2100 0.708 2100 0.848 2000 0.432 800 0.908 1200 0.543 1200 1.000 1200 0.648 	3641.410876	1	35.000000
402.0	2100 0.587 2100 0.371 2100 0.603 2000 0.584 900 0.616 1200 1.000 1200 0.413 1200 1.000 	2999.362331	2	228.000000
403.0	2100 0.468 2100 0.782 2100 0.580 2000 0.815 900 0.983 1200 0.413 1200 0.310 1200 1.000 	3542.775463	1	22.000000
404.0	2100 0.412 2100 0.743 2100 0.685 2000 0.653 1000 0.571 1200 0.544 1200 1.000 1200 0.632 	3408.846505	1	186.000000
405.0	2100 0.657 2100 0.438 2100 0.673 2000 0.788 1000 0.366 1200 1.000 1200 0.637 1200 0.486 	3441.780316	1	27.000000
406.0	2100 0.780 2100 0.781 2100 0.437 2000 0.916 1000 0.829 1200 0.530 1200 0.591 1200 0.453 	3849.510711	0	0.000000
407.0	2100 0.469 2100 0.929 2100 0.800 2100 0.773 1000 0.558 1200 0.310 1200 0.673 1200 0.332 	4039.734293	0	0.000000
408.0	2100 0.451 2100 0.613 2100 0.613 2100 0.783 1000 0.840 1200 0.597 1200 1.000 1200 0.563 	3509.727619	1	164.000000
409.0	2100 0.820 2100 0.677 2100 0.593 2100 0.427 1000 0.547 1200 1.000 1200 0.537 1200 0.617 	3557.137386	1	90.000000
410.0	2100 0.599 2100 0.572 2100 0.569 2100 0.000 1000 1.000 1200 0.864 1200 1.000 1200 1.000 	2681.425873	3	963.000000
411.0	2100 0.938 2100 0.667 2100 0.899 1300 1.000 1100 0.412 1200 0.548 1200 0.330 1200 0.611 	3882.671656	1	55.000000
412.0	2100 0.572 2100 0.596 2100 0.368 1400 0.896 1100 1.000 1200 0.592 1200 1.000 1200 1.000 	2808.116679	3	174.000000
413.0	2100 0.753 2100 0.888 2100 0.426 1500 0.696 1200 1.000 1200 0.734 1200 0.781 1200 0.655 	3427.116620	1	97.000000
414.0	2100 0.820 2100 0.666 2100 0.698 1500 0.565 1200 0.340 1200 0.724 1200 0.832 1200 0.746 	3442.348291	0	0.000000
415.0	2100 0.679 2100 0.835 2100 0.699 1500 0.578 1200 0.763 1200 0.646 1200 0.606 1200 1.000 	3533.663492	1	8.000000
416.0	2100 0.478 2100 0.761 2100 0.633 1500 0.818 1200 0.493 1200 0.973 1200 0.424 1200 0.382 	3128.662266	0	0.000000
417.0	2100 0.556 2100 0.432 2100 0.592 1500 0.809 1200 0.531 1200 1.000 1200 1.000 1200 0.820 	2881.454469	2	185.000000
418.0	2100 0.802 2100 0.727 2100 0.934 1500 0.581 1200 0.409 1200 0.697 1200 0.483 1200 0.502 	3742.948010	0	0.000000
419.0	2100 0.591 2100 0.595 2100 0.578 1500 0.000 1200 0.647 1200 1.000 1200 1.000 1200 1.000 	2726.249683	3	294.000000
420.0	2100 0.696 2100 0.431 2100 0.755 1300 1.000 1200 1.000 1200 0.708 1200 0.587 1200 0.728 	3228.266642	2	419.000000
421.0	2100 1.000 2100 0.498 2100 0.853 1400 1.000 1200 0.593 1200 0.664 1200 0.535 1200 0.377 	3749.716276	2	323.923077
422.0	2100 0.658 2100 0.610 2100 0.557 1500 0.522 1200 0.553 1200 1.000 1200 1.000 1200 0.757 	3040.657595	2	265.000000
423.0	2100 0.530 2100 0.597 2100 0.564 1500 0.767 1200 0.658 1200 1.000 1200 0.677 1200 1.000 	3001.275915	2	103.000000
424.0	2100 0.827 2100 0.771 2100 0.944 1500 0.600 1200 0.467 1200 0.438 1200 0.380 1200 0.697 	3840.841905	0	0.000000
425.0	2100 0.430 2100 0.737 2100 0.746 1500 0.809 1200 0.923 1200 0.602 1200 0.702 1200 0.497 	3233.956342	0	0.000000
426.0	2100 0.552 2100 0.600 2100 0.566 1500 0.000 1200 0.659 1200 1.000 1200 0.938 1200 1.000 	2660.305556	2	228.000000
427.0	2100 0.758 2100 0.464 2100 0.714 1300 0.999 1200 1.000 1200 0.502 1200 0.752 1200 0.498 	3263.432027	1	54.000000
428.0	2100 0.773 2100 0.453 2100 0.617 1400 1.000 1200 0.573 1200 0.662 1200 0.925 1200 0.334 	3135.081514	1	318.500000
429.0	2100 0.963 2100 0.424 2100 0.660 1500 0.812 1200 0.549 1200 1.000 1200 0.504 1200 0.496 	3386.775448	1	168.000000
430.0	2100 0.569 2100 0.574 2100 0.547 1500 0.560 1200 1.000 1200 0.739 1200 1.000 1200 0.673 	2899.124603	2	467.000000
431.0	2100 0.930 2100 0.534 2100 0.863 1500 0.986 1200 0.627 1200 0.556 1200 0.483 1200 0.342 	3771.405109	0	0.000000
432.0	2100 0.562 2100 0.598 2100 0.540 1600 0.493 1200 0.542 1200 1.000 1200 0.518 1200 0.995 	2872.662164	1	147.000000
433.0	2100 0.984 2100 0.490 2100 0.859 1600 0.874 1200 0.324 1200 0.303 1200 0.680 1200 0.632 	3786.180987	0	0.000000
434.0	2100 0.593 2100 0.595 2100 0.602 1700 0.000 1200 0.691 1200 1.000 1200 1.000 1200 0.943 	2758.560476	2	650.000000
435.0	2100 0.968 2100 0.892 2100 0.534 1300 1.000 1200 0.683 1200 0.663 1200 0.678 1200 0.330 	3804.676728	1	413.500000
436.0	2100 0.805 2100 0.962 2100 0.861 1400 0.708 1200 0.483 1200 0.361 1200 0.536 1200 0.322 	3915.783492	0	0.000000
437.0	2100 0.554 2100 0.576 2100 0.602 1400 0.000 1200 1.000 1200 1.000 1200 1.000 1200 0.694 	2690.297302	3	904.000000
438.0	2100 0.979 2100 0.492 2100 0.899 1300 1.000 1200 0.666 1200 0.439 1200 0.618 1200 0.468 	3753.310037	1	430.500000
439.0	2100 0.596 2100 0.709 2100 0.587 1400 0.555 1200 0.562 1200 1.000 1200 0.492 1200 1.000 	3067.516386	2	225.000000
440.0	2100 0.438 2100 0.711 2100 0.788 1400 0.920 1200 0.572 1200 1.000 1200 0.624 1200 0.569 	3253.679756	1	114.000000
441.0	2100 0.586 2100 0.481 2100 0.594 1500 0.783 1200 1.000 1200 0.493 1200 1.000 1200 0.764 	2960.320413	2	242.000000
442.0	2100 0.820 2100 0.441 2100 0.671 1500 0.946 1200 1.000 1200 0.550 1200 0.423 1200 0.581 	3308.685653	1	145.000000
443.0	2100 0.709 2100 0.829 2100 0.438 1600 0.790 1200 1.000 1200 0.598 1200 0.665 1200 0.588 	3386.271796	1	210.000000
444.0	2100 0.817 2100 0.448 2100 0.932 1600 0.979 1200 0.618 1200 0.417 1200 0.663 1200 0.510 	3707.738014	0	0.000000
445.0	2100 0.594 2100 0.545 2100 0.601 1700 0.499 1200 0.532 1200 0.944 1200 0.570 1200 1.000 	2989.948015	1	146.000000
446.0	2100 0.456 2100 0.577 2100 0.567 1700 0.710 1200 1.000 1200 0.606 1200 1.000 1200 0.567 	2981.265244	2	251.000000
447.0	2100 0.701 2100 0.721 2100 0.474 1700 0.861 1200 0.397 1200 0.358 1200 1.000 1200 0.702 	3385.497609	1	30.000000
448.0	2100 0.577 2100 0.582 2100 0.583 1800 0.000 1200 0.725 1200 1.000 1200 1.000 1200 1.000 	2707.624444	3	609.000000
449.0	2100 0.465 2100 0.808 2100 0.848 1300 1.000 1200 0.492 1200 0.589 1200 0.708 1200 0.438 	3437.904554	1	632.000000
450.0	2100 1.000 2100 0.815 2100 0.862 1400 0.561 1200 0.692 1200 0.418 1200 0.519 1200 0.408 	3954.819304	1	538.115385
451.0	2100 0.666 2100 0.994 2100 0.606 1400 0.596 1200 1.000 1200 0.549 1200 0.560 1200 0.668 	3533.893187	1	127.000000
452.0	2100 0.563 2100 0.565 2100 0.601 1400 0.000 1200 0.390 1200 1.000 1200 1.000 1200 1.000 	2650.534603	3	170.000000
453.0	2100 0.855 2100 0.427 2100 0.681 1300 0.928 1200 1.000 1200 0.545 1200 0.613 1200 0.610 	3269.793834	1	70.000000
454.0	2100 0.442 2100 0.789 2100 0.579 1400 1.000 1200 0.989 1200 0.741 1200 0.322 1200 0.513 	3102.087485	1	72.000000
455.0	2100 0.436 2100 0.946 2100 0.899 1500 0.860 1200 0.391 1200 0.303 1200 0.616 1200 0.400 	3609.759392	0	0.000000
456.0	2100 0.575 2100 0.594 2100 0.583 1600 0.556 1200 1.000 1200 0.683 1200 1.000 1200 0.676 	3016.641252	2	469.000000
457.0	2100 1.000 2100 0.779 2100 0.825 1600 0.558 1200 0.462 1200 0.374 1200 0.406 1200 0.613 	3930.324061	1	32.500000
458.0	2100 0.481 2100 0.770 2100 0.813 1600 1.000 1200 0.625 1200 0.518 1200 0.348 1200 0.548 	3528.021612	1	229.500000
459.0	2100 0.553 2100 0.629 2100 0.600 1700 0.000 1200 1.000 1200 1.000 1200 1.000 1200 0.738 	2760.633175	3	657.000000
460.0	2100 1.000 2100 0.497 2100 0.851 1300 1.000 1200 0.477 1200 0.554 1200 0.508 1200 0.457 	3700.541709	2	306.000000
461.0	2100 0.830 2100 0.805 2100 0.593 1400 0.659 1200 0.563 1200 1.000 1200 0.517 1200 0.683 	3511.881868	1	318.000000
462.0	2100 0.798 2100 0.751 2100 0.639 1400 0.551 1200 0.438 1200 1.000 1200 0.477 1200 0.590 	3378.522979	1	150.000000
463.0	2100 0.598 2100 0.593 2100 0.554 1400 0.000 1200 1.000 1200 1.000 1200 0.652 1200 1.000 	2701.498889	3	1096.000000
464.0	2100 0.956 2100 0.950 2100 0.607 1300 1.000 1200 0.695 1200 0.585 1200 0.337 1200 0.707 	3955.301441	1	194.000000
465.0	2100 0.369 2100 0.555 2100 0.651 1400 0.856 1200 1.000 1200 0.593 1200 1.000 1200 0.801 	2835.989316	2	419.000000
466.0	2100 0.696 2100 0.503 2100 0.911 1500 0.876 1200 0.457 1200 1.000 1200 0.727 1200 0.454 	3511.446217	1	95.000000
467.0	2100 0.719 2100 0.815 2100 0.635 1600 0.574 1200 0.442 1200 0.946 1200 0.733 1200 0.387 	3459.406137	0	0.000000
468.0	2100 0.439 2100 0.943 2100 0.798 1600 1.000 1200 0.579 1200 0.374 1200 0.447 1200 0.527 	3664.691026	1	33.000000
469.0	2100 0.908 2100 0.721 2100 0.475 1700 0.961 1200 0.673 1200 0.507 1200 0.313 1200 0.447 	3663.548634	0	0.000000
470.0	2100 0.788 2100 0.704 2100 0.598 1800 0.508 1200 0.899 1200 0.592 1200 0.511 1200 0.398 	3429.399426	0	0.000000
471.0	2100 0.577 2100 0.578 2100 0.594 1800 0.463 1200 0.943 1200 0.741 1200 1.000 1200 0.574 	3059.046447	1	329.000000
472.0	2100 0.588 2100 0.415 2100 0.578 1800 0.681 1200 0.508 1200 0.738 1200 1.000 1200 0.953 	3023.405690	1	134.000000
473.0	2100 0.602 2100 0.378 2100 0.548 1800 0.689 1200 0.499 1200 0.728 1200 1.000 1200 1.000 	2965.923761	2	260.000000
474.0	2100 0.852 2100 0.444 2100 0.746 1800 0.597 1200 0.680 1200 1.000 1200 0.674 1200 0.519 	3505.475849	1	58.000000
475.0	2100 0.829 2100 0.696 2100 0.947 1800 0.475 1200 0.652 1200 0.378 1200 0.598 1200 0.451 	3855.268852	0	0.000000
476.0	2100 0.472 2100 0.890 2100 0.582 1800 0.693 1200 1.000 1200 0.348 1200 0.674 1200 0.547 	3423.715238	1	18.000000
477.0	2100 0.578 2100 0.598 2100 0.400 1800 0.638 1200 0.677 1200 1.000 1200 1.000 1200 0.681 	3000.280891	2	581.000000
478.0	2100 0.860 2100 1.000 2100 0.667 1800 0.490 1200 0.603 1200 0.631 1200 0.588 1200 0.418 	3958.055495	1	54.076923
479.0	2100 0.553 2100 0.611 2100 0.597 1800 0.432 1200 0.484 1200 1.000 1200 0.558 1200 1.000 	3020.727302	2	237.000000
480.0	2100 0.695 2100 0.878 2100 0.389 1800 0.701 1200 1.000 1200 0.483 1200 0.337 1200 0.582 	3431.580537	1	131.000000
481.0	2100 0.814 2100 1.000 2100 0.762 1800 0.476 1200 0.476 1200 0.485 1200 0.366 1200 0.527 	3961.484347	1	3.500000
482.0	2100 0.552 2100 0.571 2100 0.595 1800 0.000 1200 0.542 1200 1.000 1200 1.000 1200 1.000 	2652.768413	3	513.000000
483.0	2100 0.602 2100 0.496 2100 0.578 1300 0.950 1200 1.000 1200 1.000 1200 0.642 1200 0.526 	2958.573785	2	387.000000
484.0	2100 0.712 2100 0.460 2100 0.929 1400 1.000 1200 0.308 1200 0.414 1200 0.298 1200 0.532 	3349.832882	1	428.000000
485.0	2100 0.583 2100 0.718 2100 0.593 1500 0.514 1200 1.000 1200 1.000 400 1.000 1200 0.623 	3063.970647	3	565.000000
486.0	2100 1.000 2100 0.986 2100 0.969 1500 0.558 1200 0.313 1200 0.672 500 1.000 1200 0.000 	4255.930488	2	368.500000
487.0	2100 0.625 2100 0.559 2100 0.566 1500 0.000 1200 1.000 1200 1.000 600 1.000 400 1.000 	2560.931587	4	1805.000000
488.0	2100 0.981 2100 0.840 2100 0.613 1300 1.000 1200 0.561 1200 0.519 700 0.563 500 1.000 	3751.909670	2	806.000000
489.0	2100 1.000 2100 0.858 2100 0.753 1400 0.645 1200 0.537 1200 0.392 700 1.000 600 1.000 	3850.941722	3	481.576923
490.0	2100 1.000 2100 0.706 2100 0.845 1400 0.631 1200 0.341 1200 0.755 800 0.826 700 1.000 	3795.733793	2	353.538462
491.0	2100 0.604 2100 0.703 2100 0.908 1400 0.684 1200 0.803 1200 1.000 800 0.921 800 0.743 	3471.142654	1	261.000000
492.0	2100 0.874 2100 0.597 2100 0.649 1400 0.657 1200 0.688 1200 1.000 900 1.000 800 0.728 	3347.081591	2	372.000000
493.0	2100 0.610 2100 0.641 2100 0.892 1400 0.612 1200 0.703 1200 0.818 1000 1.000 800 0.650 	3342.823956	1	267.000000
494.0	2100 0.675 2100 0.899 2100 0.644 1400 0.551 1200 0.647 1200 1.000 1100 0.964 800 0.874 	3455.593891	1	12.000000
495.0	2100 0.445 2100 0.830 2100 0.973 1400 1.000 1200 0.619 1200 0.480 1200 0.293 900 0.923 	3586.315214	1	16.500000
496.0	2100 0.485 2100 0.949 2100 0.889 1500 0.943 1200 0.565 1200 0.649 400 1.000 1000 0.695 	3725.543408	1	420.000000
497.0	2100 0.731 2100 0.544 2100 0.753 1600 0.784 1200 0.881 1200 0.731 500 1.000 1000 0.525 	3368.385274	1	337.000000
498.0	2100 0.817 2100 0.483 2100 0.833 1600 1.000 1200 0.531 1200 0.327 600 1.000 1000 0.446 	3542.616596	2	273.000000
499.0	2100 0.598 2100 0.559 2100 0.407 1700 0.689 1200 1.000 1200 1.000 700 0.836 1000 1.000 	2894.665913	3	678.000000
500.0	2100 0.776 2100 0.768 2100 0.427 1700 0.716 1200 1.000 1200 1.000 700 1.000 1100 0.895 	3456.336213	3	276.000000
501.0	2100 0.560 2100 0.578 2100 0.581 1700 0.000 1200 1.000 1200 1.000 800 1.000 1200 1.000 	2638.443175	4	583.000000
502.0	2100 0.692 2100 0.776 2100 0.782 1300 0.680 1200 0.819 1200 0.577 900 0.893 1200 0.397 	3476.230628	0	0.000000
503.0	2100 0.436 2100 0.587 2100 0.548 1300 0.963 1200 0.902 1200 0.768 1000 1.000 1200 0.801 	2824.929512	1	288.000000
504.0	2100 0.620 2100 0.506 2100 0.925 1400 0.868 1200 0.459 1200 0.668 1100 0.506 1200 0.889 	3337.124930	0	0.000000
505.0	2100 0.983 2100 0.612 2100 0.993 1500 0.537 1200 0.446 1200 0.348 1100 0.722 1200 0.379 	3841.048738	0	0.000000
506.0	2100 0.444 2100 0.743 2100 0.748 1500 0.844 1200 0.419 1200 0.912 1100 0.760 1200 0.849 	3291.254427	0	0.000000
507.0	2100 0.540 2100 0.562 2100 0.560 1500 0.000 1200 1.000 1200 1.000 1100 1.000 1200 0.778 	2590.526984	3	593.000000
508.0	2100 0.536 2100 0.967 2100 0.819 1300 1.000 1200 0.323 1200 0.551 1200 0.348 1200 0.608 	3647.044103	1	440.000000
509.0	2100 0.564 2100 0.704 2100 0.594 1400 0.000 1200 0.740 1200 1.000 1200 1.000 1200 1.000 	2864.164444	3	819.000000
510.0	2100 0.994 2100 0.556 2100 0.879 1300 1.000 1200 0.372 1200 0.619 1200 0.661 1200 0.701 	3849.374652	1	166.500000
511.0	2100 0.547 2100 0.619 2100 0.574 1400 0.606 1200 1.000 1200 0.603 1200 0.524 1200 1.000 	2903.185177	2	326.000000
512.0	2100 0.835 2100 0.628 2100 0.432 1400 0.990 1200 0.656 1200 0.967 1200 0.697 1200 0.425 	3229.433919	0	0.000000
513.0	2100 0.422 2100 0.707 2100 0.821 1500 0.816 1200 0.617 1200 0.581 1200 0.742 1200 1.000 	3312.279458	1	14.000000
514.0	2100 0.477 2100 0.850 2100 0.799 1500 1.000 1200 0.635 1200 0.553 1200 0.369 1200 0.691 	3550.160659	1	345.500000
515.0	2100 0.562 2100 0.675 2100 0.593 1600 0.527 1200 1.000 1200 1.000 1200 0.692 1200 0.773 	3112.178486	2	456.000000
516.0	2100 0.837 2100 1.000 2100 0.798 1600 0.518 1200 0.654 1200 0.381 1200 0.581 1200 0.648 	3996.345626	1	74.846154
517.0	2100 0.449 2100 0.851 2100 0.697 1600 0.729 1200 0.982 1200 0.544 1200 0.705 1200 0.548 	3367.420741	0	0.000000
518.0	2100 0.561 2100 0.567 2100 0.557 1600 0.567 1200 1.000 1200 0.550 1200 0.981 1200 0.495 	2896.278399	1	284.000000
519.0	2100 0.599 2100 0.414 2100 0.552 1600 0.720 1200 0.695 1200 0.626 1200 1.000 1200 1.000 	2872.316886	2	429.000000
520.0	2100 0.776 2100 0.482 2100 0.750 1600 0.822 1200 0.467 1200 1.000 1200 0.356 1200 0.578 	3391.420310	1	69.000000
521.0	2100 0.548 2100 0.577 2100 0.589 1600 0.000 1200 1.000 1200 0.977 1200 0.633 1200 1.000 	2656.945079	2	315.000000
522.0	2100 0.750 2100 0.783 2100 0.432 1300 1.000 1200 0.472 1200 0.364 1200 1.000 1200 0.656 	3268.717888	2	78.500000
523.0	2100 0.999 2100 0.765 2100 0.726 1400 0.601 1200 0.630 1200 0.368 1200 0.584 1200 0.684 	3761.396081	0	0.000000
524.0	2100 0.603 2100 0.895 2100 0.637 1400 0.568 1200 0.688 1200 1.000 1200 0.669 1200 0.683 	3384.343175	1	63.000000
525.0	2100 0.640 2100 0.854 2100 0.592 1400 0.631 1200 0.507 1200 0.458 1200 1.000 1200 0.696 	3302.023382	1	98.000000
526.0	2100 0.653 2100 0.852 2100 0.597 1400 0.552 1200 0.753 1200 0.511 1200 0.453 1200 1.000 	3293.932882	1	188.000000
527.0	2100 0.582 2100 0.452 2100 0.543 1400 0.838 1200 0.720 1200 1.000 1200 1.000 1200 0.659 	2828.687460	2	503.000000
528.0	2100 0.565 2100 0.599 2100 0.549 1400 0.810 1200 1.000 1200 0.625 1200 0.609 1200 1.000 	2973.966435	2	454.000000
529.0	2100 0.447 2100 0.842 2100 0.707 1400 0.856 1200 0.626 1200 0.663 1200 1.000 1200 0.683 	3326.644591	1	198.000000
530.0	2100 0.801 2100 0.458 2100 0.557 1500 0.953 1200 0.378 1200 0.351 1200 1.000 1200 0.373 	3106.983346	1	126.000000
531.0	2100 0.444 2100 0.883 2100 0.550 1600 0.867 1200 0.396 1200 0.585 1200 0.658 1200 1.000 	3279.385701	1	83.000000
532.0	2100 0.562 2100 0.412 2100 0.584 1700 0.721 1200 0.754 1200 1.000 1200 1.000 1200 0.584 	2956.631332	2	644.000000
533.0	2100 0.747 2100 0.830 2100 0.437 1700 0.672 1200 0.587 1200 0.535 1200 0.697 1200 1.000 	3442.278422	1	188.000000
534.0	2100 0.563 2100 0.588 2100 0.401 1700 0.705 1200 0.601 1200 1.000 1200 1.000 1200 0.553 	2913.465578	2	256.000000
535.0	2100 0.677 2100 0.993 2100 0.909 1700 0.520 1200 0.578 1200 0.597 1200 0.489 1200 0.434 	3969.768331	0	0.000000
536.0	2100 0.734 2100 0.468 2100 0.779 1700 0.729 1200 0.622 1200 0.598 1200 1.000 1200 0.447 	3423.235768	1	22.000000
537.0	2100 0.439 2100 0.634 2100 0.735 1700 0.886 1200 0.656 1200 0.602 1200 1.000 1200 0.495 	3327.985603	1	171.000000
538.0	2100 0.583 2100 0.573 2100 0.395 1800 0.683 1200 0.702 1200 1.000 1200 1.000 1200 0.693 	3010.442222	2	379.000000
539.0	2100 0.897 2100 0.739 2100 0.917 1800 0.479 1200 0.362 1200 0.326 1200 0.682 1200 0.666 	3955.960464	0	0.000000
540.0	2100 0.884 2100 0.904 2100 0.706 1800 0.509 1200 0.694 1200 0.641 1200 0.472 1200 0.500 	3940.199719	0	0.000000
541.0	2100 0.458 2100 0.756 2100 0.747 1800 0.702 1200 0.575 1200 0.547 1200 1.000 1200 0.758 	3492.924103	1	23.000000
542.0	2100 0.554 2100 0.555 2100 0.602 1800 0.490 1200 1.000 1200 1.000 1200 0.540 1200 0.498 	3005.514017	2	234.000000
543.0	2100 0.448 2100 0.776 2100 0.718 1800 0.698 1200 0.708 1200 0.489 1200 0.737 1200 0.973 	3465.702601	0	0.000000
544.0	2100 0.709 2100 0.425 2100 0.772 1800 0.699 1200 1.000 1200 0.489 1200 0.543 1200 0.645 	3392.847155	1	79.000000
545.0	2100 0.591 2100 0.373 2100 0.602 1800 0.675 1200 0.704 1200 1.000 1200 0.762 1200 1.000 	3031.197912	2	701.000000
546.0	2100 0.709 2100 0.622 2100 0.768 1800 0.773 1200 0.904 1200 1.000 1200 0.598 1200 0.693 	3770.016056	1	180.000000
547.0	2100 0.725 2100 0.457 2100 0.664 1800 0.769 1200 0.747 1200 0.697 1200 0.756 1200 1.000 	3441.518938	1	147.000000
548.0	2100 0.562 2100 0.596 2100 0.378 1800 0.681 1200 1.000 1200 1.000 1200 0.618 1200 0.732 	2983.270391	2	185.000000
549.0	2100 0.633 2100 0.457 2100 0.746 1800 0.870 1200 0.807 1200 0.600 1200 0.479 1200 1.000 	3476.526020	1	10.000000
550.0	2100 0.574 2100 0.426 2100 0.595 1900 0.610 1200 1.000 1200 0.588 1200 0.905 1200 1.000 	3071.715292	2	129.000000
551.0	2100 0.375 2100 0.575 2100 0.572 1900 0.613 1200 0.988 1200 0.596 1200 0.931 1200 1.000 	2984.303419	1	183.000000
552.0	2100 0.431 2100 0.820 2100 0.702 1900 0.652 1200 0.580 1200 0.797 1200 0.502 1200 0.843 	3479.251191	0	0.000000
553.0	2100 0.577 2100 0.389 2100 0.586 1900 0.658 1200 0.651 1200 0.673 1200 1.000 1200 1.000 	3041.677329	2	215.000000
554.0	2100 0.636 2100 0.758 2100 0.388 1900 0.768 1200 0.638 1200 1.000 1200 0.636 1200 0.597 	3386.437984	1	111.000000
555.0	2100 0.458 2100 0.807 2100 0.600 1900 0.808 1200 0.840 1200 0.609 1200 0.679 1200 0.905 	3553.244712	0	0.000000
556.0	2100 0.688 2100 0.933 2100 0.940 1900 0.519 1200 0.620 1200 0.338 1200 0.675 1200 0.341 	4042.648240	0	0.000000
557.0	2100 0.746 2100 0.743 2100 0.591 1900 0.447 1200 0.633 1200 0.914 1200 0.758 1200 0.649 	3474.636779	0	0.000000
558.0	2100 0.595 2100 0.588 2100 0.545 1900 0.000 1200 1.000 1200 1.000 1200 0.642 1200 0.984 	2677.731905	2	358.000000
559.0	2100 0.762 2100 0.421 2100 0.766 1300 0.954 1200 1.000 1200 0.624 1200 0.663 1200 0.589 	3275.234017	1	29.000000
560.0	2100 0.597 2100 0.551 2100 0.579 1400 0.000 1200 1.000 1200 1.000 1200 0.817 1200 1.000 	2700.167619	3	1165.000000
561.0	2100 0.588 2100 0.982 2100 0.887 1300 1.000 1200 0.488 1200 0.643 1200 0.589 1200 0.587 	3879.521514	1	240.500000
562.0	2100 0.552 2100 0.638 2100 0.590 1400 0.625 1200 1.000 1200 0.652 1200 0.613 1200 1.000 	2980.449023	2	326.000000
563.0	2100 0.788 2100 0.452 2100 0.961 1400 1.000 1200 0.679 1200 0.670 1200 0.707 1200 0.648 	3622.784969	1	379.000000
564.0	2100 0.462 2100 0.701 2100 0.867 1500 0.845 1200 0.662 1200 0.655 1200 0.630 1200 0.983 	3429.223079	0	0.000000
565.0	2100 0.727 2100 0.759 2100 0.385 1500 0.786 1200 0.527 1200 0.575 1200 0.771 1200 0.933 	3176.647836	0	0.000000
566.0	2100 0.592 2100 0.595 2100 0.571 1500 0.000 1200 1.000 1200 0.877 1200 1.000 1200 1.000 	2747.403968	3	677.000000
567.0	2100 0.698 2100 0.710 2100 0.706 1300 0.856 1200 0.760 1200 0.857 1200 0.642 1200 0.567 	3440.375412	0	0.000000
568.0	2100 0.711 2100 0.757 2100 0.425 1400 0.893 1200 0.674 1200 0.787 1200 0.783 1200 0.627 	3197.091502	0	0.000000
569.0	2100 0.712 2100 0.804 2100 0.644 1500 0.568 1200 0.699 1200 0.523 1200 0.895 1200 1.000 	3471.908364	1	30.000000
570.0	2100 0.602 2100 0.540 2100 0.418 1500 0.815 1200 0.651 1200 1.000 1200 0.816 1200 0.854 	2854.440056	1	55.000000
571.0	2100 0.578 2100 0.435 2100 0.590 1500 0.829 1200 0.878 1200 0.678 1200 1.000 1200 0.712 	2912.762044	1	330.000000
572.0	2100 0.570 2100 0.482 2100 0.775 1500 1.000 1200 0.542 1200 0.767 1200 0.533 1200 0.988 	3237.680574	1	262.000000
573.0	2100 0.418 2100 0.637 2100 0.559 1600 0.791 1200 0.835 1200 1.000 1200 0.668 1200 0.674 	2961.879289	1	291.000000
574.0	2100 0.542 2100 0.550 2100 0.578 1600 0.742 1200 1.000 1200 0.526 1200 0.749 1200 0.827 	2995.396390	1	114.000000
575.0	2100 0.545 2100 0.370 2100 0.584 1600 0.781 1200 0.768 1200 1.000 1200 0.777 1200 0.654 	2808.201277	1	320.000000
576.0	2100 0.649 2100 0.549 2100 0.884 1600 0.760 1200 0.726 1200 1.000 1200 0.582 1200 0.723 	3527.050391	1	150.000000
577.0	2100 0.642 2100 0.860 2100 0.564 1600 0.551 1200 0.612 1200 0.762 1200 1.000 1200 0.649 	3377.519527	1	46.000000
578.0	2100 0.587 2100 0.595 2100 0.543 1600 0.524 1200 0.738 1200 1.000 1200 0.742 1200 0.722 	2942.715082	1	278.000000
579.0	2100 0.600 2100 0.419 2100 0.594 1600 0.739 1200 0.757 1200 1.000 1200 0.917 1200 0.875 	2974.230455	1	258.000000
580.0	2100 0.556 2100 0.518 2100 0.547 1600 0.715 1200 0.906 1200 0.547 1200 1.000 1200 0.564 	2903.307050	1	47.000000
581.0	2100 0.901 2100 0.621 2100 0.587 1600 0.576 1200 0.701 1200 0.486 1200 0.663 1200 1.000 	3425.851690	1	219.000000
582.0	2100 0.904 2100 0.975 2100 0.511 1600 0.848 1200 0.337 1200 0.616 1200 0.533 1200 0.403 	3836.446685	0	0.000000
583.0	2100 0.621 2100 0.899 2100 0.577 1600 0.488 1200 0.575 1200 0.978 1200 0.457 1200 0.482 	3313.254107	0	0.000000
584.0	2100 0.562 2100 0.370 2100 0.563 1600 0.781 1200 1.000 1200 0.489 1200 1.000 1200 0.512 	2778.557883	2	477.000000
585.0	2100 0.471 2100 0.813 2100 0.553 1600 0.962 1200 0.572 1200 1.000 1200 0.527 1200 0.612 	3295.744339	1	140.000000
586.0	2100 0.967 2100 0.633 2100 0.962 1700 0.510 1200 0.495 1200 0.333 1200 0.531 1200 0.459 	3904.725881	0	0.000000
587.0	2100 0.752 2100 0.849 2100 0.545 1700 0.485 1200 0.410 1200 1.000 1200 0.381 1200 0.376 	3394.544317	1	19.000000
588.0	2100 0.556 2100 0.418 2100 0.565 1700 0.695 1200 0.447 1200 1.000 1200 1.000 1200 0.734 	2892.004105	2	465.000000
589.0	2100 0.603 2100 0.761 2100 0.472 1700 0.940 1200 1.000 1200 0.597 1200 0.407 1200 0.464 	3367.099474	1	30.000000
590.0	2100 0.419 2100 0.692 2100 0.767 1800 0.676 1200 1.000 1200 0.355 1200 0.670 1200 0.512 	3318.754078	1	71.000000
591.0	2100 0.436 2100 0.842 2100 0.567 1800 0.811 1200 0.722 1200 0.611 1200 0.707 1200 1.000 	3456.324347	1	360.000000
592.0	2100 0.966 2100 0.546 2100 0.983 1800 0.683 1200 0.373 1200 0.498 1200 0.293 1200 0.622 	4027.710501	0	0.000000
593.0	2100 0.583 2100 0.547 2100 0.567 1800 0.453 1200 0.617 1200 1.000 400 1.000 1200 1.000 	2926.531783	3	873.000000
594.0	2100 0.599 2100 1.000 2100 0.994 1800 0.555 1200 0.770 1200 0.468 500 1.000 1200 0.694 	4089.358984	2	151.923077
595.0	2100 0.575 2100 0.597 2100 0.550 1800 0.000 1200 1.000 1200 1.000 600 0.805 1200 1.000 	2619.269554	3	902.000000
596.0	2100 1.000 2100 1.000 2100 0.604 1300 0.943 1200 0.345 1200 0.513 600 0.963 1200 0.356 	3943.710806	2	566.384615
597.0	2100 0.679 2100 0.625 2100 0.577 1400 0.630 1200 1.000 1200 1.000 700 0.826 1200 0.606 	3067.518718	2	497.000000
598.0	2100 0.947 2100 0.441 2100 0.822 1400 1.000 1200 0.521 1200 0.567 700 0.557 1200 0.628 	3536.832698	1	510.000000
599.0	2100 0.578 2100 0.715 2100 0.560 1500 0.000 1200 1.000 1200 1.000 700 0.783 1200 1.000 	2795.356825	3	1000.000000
600.0	2100 1.000 2100 0.790 2100 0.582 1300 1.000 1200 0.551 1200 0.539 700 1.000 1200 0.696 	3750.010159	3	639.500000
