0.0	0 0.000 0 0.000 0 0.000 0 0.000 0 0.000 0 0.000 0 0.000 0 0.000 	0.000000	0	0.000000
1.0	2100 0.597 2100 0.600 2100 0.588 2100 0.000 1200 1.000 1200 1.000 1200 1.000 1200 1.000 	2795.330476	3	256.000000
2.0	2100 0.762 2100 0.700 2100 0.742 2100 0.731 1200 0.433 1200 0.683 1200 0.467 1200 0.482 	4040.431795	0	0.000000
3.0	2100 0.557 2100 0.410 2100 0.558 2100 0.592 1200 0.727 1200 0.843 1200 0.509 1200 0.902 	3098.683431	0	0.000000
4.0	2100 0.368 2100 0.570 2100 0.542 2100 0.583 1200 0.898 1200 0.643 1200 1.000 1200 1.000 	3097.479219	2	190.000000
5.0	2100 0.783 2100 0.740 2100 0.720 2100 0.728 1200 0.707 1200 0.573 1200 0.353 1200 0.443 	4087.835482	0	0.000000
6.0	2100 0.490 2100 0.641 2100 0.712 2100 0.664 1200 0.561 1200 0.904 1200 0.624 1200 0.548 	3556.654994	0	0.000000
7.0	2100 0.668 2100 0.777 2100 0.750 2100 0.751 1200 0.406 1200 0.684 1200 0.627 1200 0.367 	4055.651245	0	0.000000
8.0	2100 0.595 2100 0.561 2100 0.585 2100 0.400 1200 0.824 1200 0.541 1200 0.640 1200 1.000 	3133.126032	1	140.000000
9.0	2100 0.697 2100 0.621 2100 0.688 2100 0.625 1200 0.628 1200 0.643 1200 0.626 1200 0.772 	3723.108437	0	0.000000
10.0	2100 0.670 2100 0.488 2100 0.689 2100 0.738 1200 0.628 1200 0.777 1200 1.000 1200 0.576 	3700.468584	1	37.000000
11.0	2100 0.548 2100 0.427 2100 0.584 2100 0.550 1200 1.000 1200 0.866 1200 0.831 1200 0.800 	3151.629670	1	513.000000
12.0	2100 0.698 2100 0.513 2100 0.717 2100 0.726 1200 0.546 1200 0.928 1200 0.548 1200 0.537 	3737.096703	0	0.000000
13.0	2100 0.441 2100 0.850 2100 0.789 2100 0.819 1200 0.458 1200 0.480 1200 0.678 1200 0.659 	4019.484921	0	0.000000
14.0	2100 0.780 2100 0.871 2100 0.807 2100 0.475 1200 0.568 1200 0.643 1200 0.584 1200 0.698 	4089.138291	0	0.000000
15.0	2100 0.560 2100 0.601 2100 0.603 2100 0.429 1200 0.669 1200 1.000 1200 0.848 1200 1.000 	3262.149048	2	127.000000
16.0	2100 0.784 2100 0.902 2100 0.407 2100 0.806 1200 0.480 1200 0.337 1200 0.426 1200 0.602 	3965.683858	0	0.000000
17.0	2100 0.434 2100 0.691 2100 0.724 2100 0.686 1200 0.492 1200 0.700 1200 0.904 1200 0.625 	3604.329438	0	0.000000
18.0	2100 0.692 2100 0.785 2100 0.396 2100 0.653 1200 0.806 1200 0.968 1200 0.613 1200 0.573 	3622.969011	0	0.000000
19.0	2100 0.418 2100 0.579 2100 0.542 2100 0.576 1200 0.561 1200 0.502 1200 1.000 1200 1.000 	3106.206374	2	152.000000
20.0	2100 0.777 2100 0.389 2100 0.649 2100 0.608 1200 0.709 1200 0.706 1200 0.461 1200 0.658 	3438.653053	0	0.000000
21.0	2100 0.595 2100 0.567 2100 0.574 2100 0.000 1200 0.853 1200 1.000 1200 1.000 1200 0.789 	2687.982698	2	646.000000
22.0	2100 0.698 2100 0.527 2100 0.631 2100 0.823 1200 0.844 1200 0.501 1200 0.757 1200 0.547 	3781.829426	0	0.000000
23.0	2100 0.563 2100 0.408 2100 0.567 2100 0.597 1200 0.514 1200 1.000 1200 0.392 1200 1.000 	3112.087546	2	185.000000
24.0	2100 0.754 2100 0.745 2100 0.470 2100 0.956 1200 0.594 1200 0.538 1200 0.563 1200 0.422 	4031.486386	0	0.000000
25.0	2100 0.571 2100 0.596 2100 0.573 2100 0.000 1200 1.000 1200 1.000 1200 0.883 1200 0.723 	2689.983333	2	768.000000
26.0	2100 0.786 2100 0.532 2100 0.770 2100 1.000 1200 0.386 1200 0.417 1200 0.434 1200 0.332 	4175.594689	1	115.500000
27.0	2100 0.562 2100 0.631 2100 0.543 2100 0.000 1200 0.730 1200 1.000 1200 1.000 1200 1.000 	2699.446508	3	1085.000000
28.0	2100 0.660 2100 0.904 2100 0.666 2100 0.565 1200 0.533 1200 0.537 1200 1.000 1200 0.503 	3922.335201	1	83.000000
29.0	2100 0.456 2100 0.846 2100 0.561 2100 0.686 1200 0.994 1200 0.552 1200 0.513 1200 0.698 	3627.479255	0	0.000000
30.0	2100 0.893 2100 0.799 2100 0.405 2100 0.773 1200 0.485 1200 0.606 1200 0.407 1200 0.527 	3950.051001	0	0.000000
31.0	2100 0.591 2100 0.581 2100 0.578 2100 0.397 1200 1.000 1200 1.000 1200 0.655 1200 0.649 	3177.431026	2	714.000000
32.0	2100 0.655 2100 0.849 2100 0.593 2100 0.702 1200 1.000 1200 0.745 1200 0.672 1200 0.853 	4012.611392	1	1.000000
33.0	2100 0.370 2100 0.547 2100 0.591 2100 0.545 1200 0.689 1200 0.849 1200 0.963 1200 1.000 	3079.820147	1	324.000000
34.0	2100 0.571 2100 0.520 2100 0.574 2100 0.588 1200 0.627 1200 1.000 1200 0.973 1200 0.653 	3306.754957	1	339.000000
35.0	2100 0.648 2100 0.448 2100 0.807 2100 0.686 1200 0.647 1200 0.661 1200 0.957 1200 0.550 	3687.082100	0	0.000000
36.0	2100 0.583 2100 0.423 2100 0.603 2100 0.552 1200 0.678 1200 1.000 1200 0.736 1200 1.000 	3208.122882	2	428.000000
37.0	2100 0.598 2100 0.441 2100 0.728 2100 0.797 1200 0.687 1200 1.000 1200 0.618 1200 0.670 	3674.572222	1	88.000000
38.0	2100 0.487 2100 0.911 2100 0.847 2100 0.721 1200 0.658 1200 0.477 1200 0.681 1200 0.541 	4115.787839	0	0.000000
39.0	2100 0.572 2100 0.567 2100 0.598 2100 0.000 1200 0.972 1200 0.888 1200 1.000 1200 0.994 	2716.275397	1	282.000000
40.0	2100 0.825 2100 0.496 2100 0.719 2100 0.618 1200 0.682 1200 0.982 1200 0.643 1200 0.454 	3768.911392	0	0.000000
41.0	2100 0.429 2100 0.872 2100 0.733 2100 0.849 1200 0.538 1200 0.403 1200 0.423 1200 0.577 	3956.760623	0	0.000000
42.0	2100 0.542 2100 0.603 2100 0.573 2100 0.000 1200 0.941 1200 1.000 1200 1.000 1200 1.000 	2703.288095	3	516.000000
43.0	2100 0.973 2100 0.569 2100 0.745 2100 0.752 1200 0.571 1200 0.700 1200 0.576 1200 0.571 	4218.172613	0	0.000000
44.0	2100 0.599 2100 0.552 2100 0.576 2100 0.000 1200 0.938 1200 1.000 1200 1.000 1200 1.000 	2715.254286	3	291.000000
45.0	2100 0.640 2100 0.495 2100 0.811 2100 0.618 1200 0.636 1200 0.779 1200 0.877 1200 0.445 	3643.373162	0	0.000000
46.0	2100 0.483 2100 0.615 2100 0.836 2100 0.627 1200 0.976 1200 0.669 1200 0.829 1200 0.563 	3678.558608	0	0.000000
47.0	2100 0.637 2100 0.873 2100 0.405 2100 0.599 1200 0.968 1200 0.668 1200 0.671 1200 0.857 	3632.169243	0	0.000000
48.0	2100 0.614 2100 0.437 2100 0.607 2100 0.879 1200 0.543 1200 0.775 1200 0.930 1200 0.572 	3620.758547	0	0.000000
49.0	2100 0.583 2100 0.586 2100 0.402 2100 0.559 1200 0.774 1200 0.890 1200 1.000 1200 1.000 	3199.627631	2	228.000000
50.0	2100 0.647 2100 0.421 2100 0.843 2100 0.593 1200 0.694 1200 0.515 1200 0.900 1200 0.552 	3556.315055	0	0.000000
51.0	2100 0.621 2100 0.389 2100 0.877 2100 0.596 1200 0.442 1200 0.697 1200 0.733 1200 0.787 	3530.148425	0	0.000000
52.0	2100 0.478 2100 0.995 2100 0.733 2100 0.790 1200 0.437 1200 0.512 1200 0.470 1200 0.377 	4084.237741	0	0.000000
53.0	2100 0.483 2100 0.636 2100 0.878 2100 0.611 1200 0.753 1200 0.548 1200 0.626 1200 0.857 	3707.811148	0	0.000000
54.0	2100 0.555 2100 0.579 2100 0.549 2100 0.000 1200 0.767 1200 0.858 1200 0.950 1200 1.000 	2612.399524	1	129.000000
55.0	2100 0.453 2100 0.920 2100 0.789 2100 0.750 1200 0.657 1200 0.676 1200 0.627 1200 0.651 	4075.693394	0	0.000000
56.0	2100 0.602 2100 0.595 2100 0.549 2100 0.000 1200 1.000 1200 0.894 1200 1.000 1200 1.000 	2733.102381	3	712.000000
57.0	2100 0.852 2100 0.681 2100 0.587 2100 0.537 1200 0.608 1200 0.482 1200 0.708 1200 0.989 	3771.147827	0	0.000000
58.0	2100 0.547 2100 0.585 2100 0.409 2100 0.591 1200 1.000 1200 0.891 1200 1.000 1200 0.502 	3169.655299	2	58.000000
59.0	2100 0.575 2100 0.570 2100 0.560 2100 0.000 1200 1.000 1200 0.853 1200 1.000 1200 1.000 	2676.375714	3	1003.000000
60.0	2100 0.920 2100 0.629 2100 0.617 2100 0.749 1200 0.808 1200 0.623 1200 0.655 1200 0.458 	4071.779512	0	0.000000
61.0	2100 0.439 2100 0.832 2100 0.602 2100 0.635 1200 1.000 1200 0.579 1200 0.725 1200 0.578 	3589.962393	0	0.000000
62.0	2100 0.565 2100 0.567 2100 0.374 2100 0.583 1200 0.754 1200 0.549 1200 0.958 1200 1.000 	3097.055922	1	113.000000
63.0	2100 0.616 2100 0.437 2100 0.641 2100 0.845 1200 0.346 1200 0.483 1200 0.599 1200 1.000 	3574.229011	1	7.000000
64.0	2100 0.480 2100 0.651 2100 0.861 2100 0.595 1200 0.636 1200 0.767 1200 0.626 1200 0.428 	3638.579280	0	0.000000
65.0	2100 0.594 2100 0.565 2100 0.579 2100 0.371 1200 0.375 1200 1.000 1200 0.958 1200 0.409 	3057.789328	1	52.000000
66.0	2100 0.422 2100 0.850 2100 0.659 2100 0.579 1200 0.686 1200 1.000 1200 0.369 1200 0.534 	3556.399451	1	116.000000
67.0	2100 0.909 2100 0.475 2100 0.814 2100 0.722 1200 0.415 1200 0.537 1200 0.677 1200 0.328 	4006.349280	0	0.000000
68.0	2100 0.697 2100 0.453 2100 0.753 2100 0.946 1200 0.422 1200 0.524 1200 0.615 1200 0.374 	3910.813150	0	0.000000
69.0	2100 0.487 2100 0.979 2100 0.794 2100 0.701 1200 0.295 1200 0.605 1200 0.385 1200 0.426 	4028.936862	0	0.000000
70.0	2100 0.488 2100 0.793 2100 0.654 2100 0.549 1200 0.563 1200 0.433 1200 0.554 1200 0.937 	3511.254042	0	0.000000
71.0	2100 0.450 2100 0.884 2100 0.828 2100 0.701 1200 0.438 1200 0.577 1200 0.470 1200 0.513 	3938.951612	0	0.000000
72.0	2100 0.391 2100 0.542 2100 0.593 2100 0.580 1200 0.547 1200 1.000 1200 0.454 1200 1.000 	3087.007497	2	244.000000
73.0	2100 0.459 2100 0.698 2100 0.797 2100 0.568 1200 1.000 1200 0.454 1200 0.424 1200 0.455 	3539.690842	1	211.000000
74.0	2100 0.958 2100 0.498 2100 0.892 2100 0.736 1200 0.389 1200 0.554 1200 0.430 1200 0.438 	4199.393846	0	0.000000
75.0	2100 0.470 2100 0.712 2100 0.584 2100 0.786 1200 0.551 1200 1.000 1200 0.606 1200 0.745 	3648.818437	1	251.000000
76.0	2100 0.601 2100 0.510 2100 0.742 2100 0.787 1200 0.593 1200 0.508 1200 1.000 1200 0.530 	3729.695873	1	26.000000
77.0	2100 0.785 2100 0.598 2100 0.380 2100 0.706 1200 1.000 1200 0.573 1200 0.588 1200 0.588 	3524.953846	1	154.000000
78.0	2100 0.587 2100 0.407 2100 0.548 2100 0.578 1200 0.623 1200 1.000 1200 1.000 1200 0.600 	3131.460488	2	318.000000
79.0	2100 0.611 2100 0.434 2100 0.714 2100 0.747 1200 1.000 1200 0.532 1200 0.484 1200 0.408 	3531.312271	1	69.000000
80.0	2100 0.457 2100 0.771 2100 0.697 2100 0.593 1200 0.468 1200 1.000 1200 0.505 1200 0.555 	3558.204908	1	60.000000
81.0	2100 0.909 2100 0.461 2100 0.813 2100 0.835 1200 0.540 1200 0.630 1200 0.522 1200 0.691 	4186.519121	0	0.000000
82.0	2100 0.779 2100 0.663 2100 0.432 2100 0.681 1200 0.534 1200 1.000 1200 0.567 1200 0.689 	3640.669182	1	149.000000
83.0	2100 0.562 2100 0.379 2100 0.565 2100 0.545 1200 1.000 1200 0.723 1200 0.662 1200 1.000 	3062.938620	2	358.000000
84.0	2100 0.698 2100 0.538 2100 0.794 2100 0.641 1200 0.408 1200 1.000 1200 0.446 1200 0.673 	3756.440745	1	156.000000
85.0	2100 0.846 2100 0.646 2100 0.433 2100 0.617 1200 0.647 1200 0.706 1200 0.553 1200 1.000 	3638.358388	1	271.000000
86.0	2100 0.561 2100 0.482 2100 0.561 2100 0.544 1200 1.000 1200 0.510 1200 0.544 1200 1.000 	3147.123529	2	212.000000
87.0	2100 0.660 2100 0.389 2100 0.822 2100 0.629 1200 0.590 1200 0.584 1200 0.957 1200 0.492 	3548.099206	0	0.000000
88.0	2100 0.547 2100 0.556 2100 0.550 2100 0.000 1200 1.000 1200 0.678 1200 1.000 1200 1.000 	2586.441587	3	1030.000000
89.0	2100 1.000 2100 0.867 2100 0.539 2100 0.700 1200 0.491 1200 0.308 1200 0.638 1200 0.650 	4262.012381	1	113.000000
90.0	2100 0.541 2100 0.621 2100 0.600 2100 0.000 1200 0.706 1200 1.000 1200 1.000 1200 1.000 	2731.027778	3	1045.000000
91.0	2100 0.538 2100 0.715 2100 1.000 2100 0.840 1200 0.695 1200 0.633 1200 0.557 1200 0.312 	4258.953614	1	151.576923
92.0	2100 0.577 2100 0.611 2100 0.569 2100 0.391 1200 0.650 1200 1.000 1200 0.677 1200 1.000 	3181.495861	2	280.000000
93.0	2100 0.454 2100 1.000 2100 0.756 2100 0.903 1200 0.422 1200 0.543 1200 0.424 1200 0.354 	4228.394371	1	0.346154
94.0	2100 0.578 2100 0.591 2100 0.578 2100 0.408 1200 0.716 1200 1.000 1200 1.000 1200 0.677 	3198.598779	2	731.000000
95.0	2100 0.590 2100 0.566 2100 0.745 2100 0.940 1200 0.550 1200 0.533 1200 1.000 1200 0.505 	3982.028107	1	255.000000
96.0	2100 0.704 2100 0.532 2100 0.591 2100 0.867 1200 0.536 1200 1.000 1200 0.548 1200 0.532 	3798.156410	1	192.000000
97.0	2100 0.558 2100 0.386 2100 0.565 2100 0.564 1200 1.000 1200 1.000 1200 0.661 1200 0.604 	3078.268034	2	766.000000
98.0	2100 0.689 2100 1.000 2100 0.455 2100 0.878 1200 0.428 1200 0.362 1200 0.579 1200 0.428 	4118.062283	1	11.923077
99.0	2100 0.543 2100 0.585 2100 0.557 2100 0.000 1200 1.000 1200 1.000 1200 0.674 1200 1.000 	2628.450904	3	475.000000
100.0	2100 0.532 2100 0.864 2100 0.948 2100 0.702 1200 0.311 1200 0.483 1200 0.346 1200 0.357 	4111.220183	0	0.000000
101.0	2100 0.574 2100 0.548 2100 0.597 2100 0.397 1200 1.000 1200 1.000 1200 0.516 1200 0.461 	3095.900391	2	86.000000
102.0	2100 0.457 2100 0.819 2100 0.698 2100 0.543 1200 0.733 1200 1.000 1200 0.675 1200 0.704 	3630.034603	1	400.000000
103.0	2100 0.636 2100 0.669 2100 0.519 2100 0.844 1200 0.587 1200 1.000 1200 0.591 1200 0.608 	3783.909853	1	49.000000
104.0	2100 0.857 2100 0.925 2100 0.704 2100 0.434 1200 0.647 1200 0.410 1200 0.544 1200 0.706 	4048.993822	0	0.000000
105.0	2100 0.559 2100 0.598 2100 0.582 2100 0.399 1200 0.629 1200 1.000 1200 1.000 1200 0.558 	3151.434725	2	154.000000
106.0	2100 0.799 2100 0.422 2100 0.601 2100 0.645 1200 0.612 1200 1.000 1200 0.493 1200 0.504 	3504.904591	1	127.000000
107.0	2100 0.566 2100 0.367 2100 0.591 2100 0.551 1200 0.690 1200 0.687 1200 1.000 1200 0.927 	3084.761526	1	467.000000
108.0	2100 0.634 2100 0.504 2100 0.667 2100 0.844 1200 0.403 1200 1.000 1200 0.397 1200 0.551 	3706.478803	1	68.000000
109.0	2100 0.566 2100 0.571 2100 0.541 2100 0.000 1200 1.000 1200 0.756 1200 1.000 1200 1.000 	2630.015714	3	807.000000
110.0	2100 0.595 2100 0.451 2100 0.851 2100 0.681 1200 0.579 1200 1.000 1200 0.593 1200 0.454 	3648.107070	1	128.000000
111.0	2100 0.574 2100 0.386 2100 0.565 2100 0.586 1200 1.000 1200 1.000 1200 0.392 1200 0.582 	3090.018889	2	126.000000
112.0	2100 0.388 2100 0.583 2100 0.600 2100 0.599 1200 0.593 1200 0.523 1200 1.000 1200 1.000 	3182.785092	2	341.000000
113.0	2100 0.611 2100 0.477 2100 0.942 2100 0.626 1200 0.753 1200 0.666 1200 1.000 1200 0.466 	3780.877021	1	94.000000
114.0	2100 0.609 2100 0.928 2100 0.559 2100 0.410 1200 1.000 1200 0.656 1200 0.668 1200 0.668 	3599.951013	1	77.000000
115.0	2100 0.457 2100 0.942 2100 0.568 2100 0.553 1200 0.562 1200 0.651 1200 0.635 1200 0.997 	3600.169731	0	0.000000
116.0	2100 0.647 2100 0.389 2100 0.892 2100 0.580 1200 0.597 1200 0.564 1200 0.638 1200 1.000 	3581.045543	1	130.000000
117.0	2100 0.577 2100 0.407 2100 0.564 2100 0.575 1200 1.000 1200 0.629 1200 1.000 1200 0.712 	3150.225885	2	471.000000
118.0	2100 0.614 2100 0.503 2100 0.958 2100 0.565 1200 0.392 1200 0.918 1200 0.529 1200 0.477 	3690.132234	0	0.000000
119.0	2100 0.407 2100 0.569 2100 0.576 2100 0.570 1200 1.000 1200 1.000 1200 0.570 1200 0.425 	3105.602393	2	310.000000
120.0	2100 0.619 2100 0.942 2100 0.483 2100 0.645 1200 0.497 1200 0.959 1200 0.470 1200 0.724 	3794.609255	0	0.000000
121.0	2100 0.456 2100 0.796 2100 0.941 2100 0.745 1200 0.638 1200 0.422 1200 0.367 1200 0.458 	4021.299915	0	0.000000
122.0	2100 0.585 2100 0.425 2100 0.905 2100 0.601 1200 0.495 1200 0.685 1200 0.978 1200 0.398 	3560.899829	0	0.000000
123.0	2100 0.577 2100 0.559 2100 0.564 2100 0.000 1200 0.607 1200 1.000 1200 1.000 1200 1.000 	2637.299048	3	473.000000
124.0	2100 0.551 2100 0.554 2100 0.475 2100 0.570 1200 1.000 1200 0.752 1200 1.000 1200 0.503 	3176.276313	2	316.000000
125.0	2100 0.790 2100 0.459 2100 0.994 2100 0.773 1200 0.610 1200 0.320 1200 0.339 1200 0.472 	4102.599670	0	0.000000
126.0	2100 0.577 2100 0.574 2100 0.555 2100 0.436 1200 0.532 1200 1.000 1200 0.686 1200 1.000 	3161.310623	2	295.000000
127.0	2100 0.562 2100 0.396 2100 0.573 2100 0.594 1200 0.749 1200 1.000 1200 1.000 1200 0.588 	3152.384799	2	623.000000
128.0	2100 0.784 2100 1.000 2100 0.508 2100 0.739 1200 0.298 1200 0.407 1200 0.528 1200 0.608 	4134.627900	1	139.923077
129.0	2100 0.550 2100 0.594 2100 0.543 2100 0.000 1200 0.665 1200 1.000 1200 1.000 1200 1.000 	2630.178681	3	756.000000
130.0	2100 0.927 2100 0.682 2100 0.551 2100 0.603 1200 0.503 1200 0.595 1200 0.689 1200 1.000 	3907.665360	1	146.000000
131.0	2100 0.563 2100 0.566 2100 0.561 2100 0.000 1200 0.684 1200 1.000 1200 1.000 1200 1.000 	2635.451270	3	992.000000
132.0	2100 0.534 2100 1.000 2100 0.792 2100 0.737 1200 0.422 1200 0.482 1200 0.707 1200 0.673 	4232.084774	1	97.423077
133.0	2100 0.479 2100 0.695 2100 0.953 2100 0.760 1200 0.461 1200 0.553 1200 0.369 1200 0.336 	3935.481844	0	0.000000
134.0	2100 0.449 2100 0.630 2100 0.541 2100 0.889 1200 0.672 1200 0.532 1200 0.501 1200 1.000 	3568.235690	1	128.000000
135.0	2100 0.547 2100 0.583 2100 0.554 2100 0.000 1200 1.000 1200 1.000 1200 0.701 1200 1.000 	2629.743016	3	952.000000
136.0	2100 0.550 2100 0.727 2100 0.990 2100 0.881 1200 0.489 1200 0.410 1200 0.343 1200 0.351 	4255.200537	0	0.000000
137.0	2100 0.477 2100 0.859 2100 0.607 2100 0.570 1200 0.699 1200 1.000 1200 0.586 1200 0.675 	3605.845299	1	28.000000
138.0	2100 0.484 2100 0.579 2100 0.901 2100 0.618 1200 0.693 1200 1.000 1200 0.628 1200 0.404 	3666.699219	1	87.000000
139.0	2100 0.580 2100 0.580 2100 0.553 2100 0.370 1200 1.000 1200 0.653 1200 1.000 1200 0.455 	3069.943993	2	173.000000
140.0	2100 0.478 2100 1.000 2100 0.810 2100 0.730 1200 0.600 1200 0.604 1200 0.482 1200 0.462 	4157.127302	1	133.538462
141.0	2100 0.584 2100 0.592 2100 0.437 2100 0.569 1200 0.654 1200 1.000 1200 0.673 1200 1.000 	3225.998083	2	381.000000
142.0	2100 0.560 2100 0.481 2100 0.673 2100 0.938 1200 0.428 1200 1.000 1200 0.534 1200 0.434 	3714.563321	1	34.000000
143.0	2100 0.478 2100 0.583 2100 0.585 2100 0.864 1200 0.707 1200 0.690 1200 1.000 1200 0.438 	3587.251612	1	33.000000
144.0	2100 0.607 2100 0.649 2100 0.427 2100 0.852 1200 0.688 1200 1.000 1200 0.695 1200 0.390 	3610.232466	1	128.000000
145.0	2100 0.583 2100 0.565 2100 0.369 2100 0.561 1200 1.000 1200 0.748 1200 1.000 1200 0.734 	3110.463284	2	356.000000
146.0	2100 0.811 2100 0.771 2100 0.452 2100 0.953 1200 0.691 1200 0.531 1200 0.674 1200 0.318 	4124.999548	0	0.000000
147.0	2100 0.456 2100 0.609 2100 0.879 2100 0.588 1200 0.971 1200 0.498 1200 0.673 1200 0.495 	3591.028327	0	0.000000
148.0	2100 0.479 2100 0.582 2100 0.885 2100 0.629 1200 0.552 1200 0.660 1200 0.884 1200 0.872 	3686.673871	0	0.000000
149.0	2100 0.453 2100 0.800 2100 0.709 2100 0.966 1200 0.320 1200 0.694 1200 0.311 1200 0.683 	4022.599475	0	0.000000
150.0	2100 0.569 2100 0.599 2100 0.572 2100 0.391 1200 0.580 1200 0.640 1200 1.000 1200 1.000 	3145.526764	2	369.000000
151.0	2100 0.471 2100 0.997 2100 0.774 2100 0.793 1200 0.559 1200 0.560 1200 0.690 1200 0.684 	4220.273187	0	0.000000
152.0	2100 0.594 2100 0.546 2100 0.540 2100 0.000 1200 1.000 1200 1.000 1200 1.000 1200 0.699 	2624.625873	3	720.000000
153.0	2100 0.582 2100 0.985 2100 0.770 2100 0.786 1200 0.412 1200 0.336 1200 0.364 1200 0.362 	4207.363687	0	0.000000
154.0	2100 0.915 2100 0.750 2100 0.433 2100 0.773 1200 0.652 1200 0.351 1200 0.462 1200 0.363 	3925.952405	0	0.000000
155.0	2100 0.468 2100 0.888 2100 0.592 2100 0.671 1200 0.330 1200 1.000 1200 0.447 1200 0.422 	3648.113932	1	91.000000
156.0	2100 0.873 2100 0.628 2100 0.594 2100 0.428 1200 0.649 1200 0.627 1200 0.667 1200 1.000 	3616.189634	1	448.000000
157.0	2100 0.772 2100 0.532 2100 0.925 2100 0.832 1200 0.356 1200 0.603 1200 0.402 1200 0.390 	4163.552320	0	0.000000
158.0	2100 0.482 2100 0.897 2100 0.570 2100 0.562 1200 0.484 1200 0.482 1200 0.450 1200 1.000 	3535.229792	1	209.000000
159.0	2100 0.467 2100 0.582 2100 0.543 2100 0.900 1200 0.532 1200 0.620 1200 0.558 1200 1.000 	3548.120977	1	234.000000
160.0	2100 0.490 2100 0.738 2100 0.927 2100 0.803 1200 0.343 1200 0.423 1200 0.631 1200 0.465 	4043.327790	0	0.000000
161.0	2100 0.944 2100 0.454 2100 0.778 2100 0.700 1200 0.678 1200 0.393 1200 0.516 1200 0.464 	3962.616801	0	0.000000
162.0	2100 0.568 2100 0.595 2100 0.550 2100 0.420 1200 0.988 1200 1.000 1200 0.643 1200 0.689 	3161.366703	1	256.000000
163.0	2100 0.621 2100 0.532 2100 0.878 2100 0.647 1200 0.674 1200 0.553 1200 0.628 1200 1.000 	3805.243773	1	217.000000
164.0	2100 0.653 2100 0.509 2100 0.849 2100 0.638 1200 0.665 1200 0.429 1200 1.000 1200 0.489 	3734.530769	1	1.000000
165.0	2100 0.575 2100 0.568 2100 0.552 2100 0.426 1200 0.558 1200 0.493 1200 0.847 1200 1.000 	3092.514017	1	72.000000
166.0	2100 0.694 2100 0.442 2100 0.864 2100 0.578 1200 1.000 1200 0.413 1200 0.471 1200 0.672 	3640.339915	1	132.000000
167.0	2100 0.634 2100 0.421 2100 0.665 2100 0.807 1200 0.514 1200 0.978 1200 0.632 1200 0.491 	3582.055079	0	0.000000
168.0	2100 0.486 2100 0.976 2100 0.732 2100 0.841 1200 0.292 1200 0.424 1200 0.380 1200 0.668 	4130.486068	0	0.000000
169.0	2100 0.579 2100 0.570 2100 0.402 2100 0.583 1200 0.639 1200 0.931 1200 1.000 1200 0.498 	3132.251221	1	223.000000
170.0	2100 0.586 2100 0.378 2100 0.595 2100 0.553 1200 1.000 1200 0.518 1200 1.000 1200 0.535 	3100.046996	2	343.000000
171.0	2100 1.000 2100 0.808 2100 0.483 2100 0.756 1200 0.618 1200 0.512 1200 0.462 1200 0.398 	4173.857216	1	148.500000
172.0	2100 0.597 2100 0.606 2100 0.565 2100 0.428 1200 0.695 1200 0.627 1200 0.994 1200 1.000 	3243.116252	1	293.000000
173.0	2100 0.840 2100 0.435 2100 0.734 2100 1.000 1200 0.627 1200 0.387 1200 0.488 1200 0.602 	4139.846606	1	86.384615
174.0	2100 0.435 2100 0.669 2100 0.858 2100 0.578 1200 0.734 1200 0.623 1200 1.000 1200 0.662 	3649.066215	1	55.000000
175.0	2100 0.412 2100 0.614 2100 0.662 2100 0.794 1200 1.000 1200 0.637 1200 0.697 1200 0.743 	3580.052357	1	320.000000
176.0	2100 0.554 2100 0.423 2100 0.581 2100 0.546 1200 1.000 1200 1.000 1200 0.654 1200 0.601 	3114.895360	2	611.000000
177.0	2100 0.852 2100 0.927 2100 0.429 2100 0.729 1200 0.327 1200 0.341 1200 0.317 1200 0.614 	3983.486874	0	0.000000
178.0	2100 0.549 2100 0.588 2100 0.587 2100 0.432 1200 1.000 1200 0.656 1200 0.558 1200 1.000 	3176.712625	2	429.000000
179.0	2100 0.721 2100 0.489 2100 0.844 2100 0.641 1200 1.000 1200 0.507 1200 0.371 1200 0.548 	3776.075849	1	81.000000
180.0	2100 0.828 2100 0.921 2100 0.724 2100 0.466 1200 0.406 1200 0.584 1200 0.423 1200 0.364 	4009.651893	0	0.000000
181.0	2100 0.463 2100 0.713 2100 0.559 2100 0.762 1200 0.558 1200 0.937 1200 0.294 1200 0.708 	3527.814640	0	0.000000
182.0	2100 0.570 2100 0.551 2100 0.575 2100 0.435 1200 0.734 1200 0.684 1200 1.000 1200 1.000 	3170.781123	2	285.000000
183.0	2100 0.844 2100 0.710 2100 0.447 2100 0.879 1200 0.498 1200 0.350 1200 0.484 1200 0.306 	3915.284469	0	0.000000
184.0	2100 0.581 2100 0.541 2100 0.395 2100 0.563 1200 0.643 1200 0.504 1200 1.000 1200 1.000 	3069.953138	2	410.000000
185.0	2100 0.704 2100 0.477 2100 0.707 2100 0.720 1200 0.537 1200 1.000 1200 0.436 1200 0.563 	3676.167924	1	150.000000
186.0	2100 0.796 2100 0.479 2100 0.790 2100 0.859 1200 0.696 1200 0.642 1200 0.572 1200 0.382 	4054.319573	0	0.000000
187.0	2100 0.386 2100 0.547 2100 0.594 2100 0.595 1200 0.452 1200 0.572 1200 0.996 1200 1.000 	3110.559560	1	204.000000
188.0	2100 0.467 2100 0.590 2100 0.576 2100 0.564 1200 1.000 1200 1.000 1200 0.596 1200 0.452 	3209.597937	2	317.000000
189.0	2100 0.468 2100 0.642 2100 0.796 2100 0.691 1200 0.733 1200 1.000 1200 0.444 1200 0.421 	3670.121917	1	218.000000
190.0	2100 0.543 2100 0.439 2100 0.582 2100 0.548 1200 1.000 1200 0.594 1200 0.663 1200 1.000 	3125.278132	2	401.000000
191.0	2100 0.486 2100 0.773 2100 0.720 2100 0.615 1200 0.663 1200 1.000 1200 0.495 1200 0.701 	3699.200501	1	81.000000
192.0	2100 0.690 2100 0.451 2100 0.692 2100 0.705 1200 0.733 1200 1.000 1200 0.475 1200 0.518 	3608.025324	1	3.000000
193.0	2100 0.439 2100 0.570 2100 0.581 2100 0.575 1200 1.000 1200 0.739 1200 1.000 1200 0.461 	3188.185372	2	223.000000
194.0	2100 0.426 2100 0.763 2100 0.652 2100 0.698 1200 0.543 1200 1.000 1200 0.473 1200 0.648 	3603.166471	1	181.000000
195.0	2100 0.461 2100 0.612 2100 0.790 2100 0.641 1200 0.472 1200 1.000 1200 0.557 1200 0.673 	3562.920781	1	114.000000
196.0	2100 0.555 2100 0.592 2100 0.589 2100 0.415 1200 1.000 1200 0.367 1200 1.000 1200 0.599 	3140.262259	2	246.000000
197.0	2100 0.439 2100 0.595 2100 0.553 2100 0.603 1200 0.728 1200 1.000 1200 1.000 1200 0.593 	3234.268388	2	387.000000
198.0	2100 0.457 2100 0.874 2100 0.944 2100 0.740 1200 0.590 1200 0.413 1200 0.393 1200 0.477 	4118.283114	0	0.000000
199.0	2100 0.428 2100 0.569 2100 0.737 2100 0.762 1200 1.000 1200 0.609 1200 0.488 1200 0.535 	3543.767705	1	128.000000
200.0	2100 0.479 2100 0.783 2100 0.585 2100 0.694 1200 0.462 1200 0.596 1200 0.656 1200 1.000 	3611.898339	1	13.000000
201.0	2100 0.419 2100 0.567 2100 0.585 2100 0.544 1200 0.992 1200 1.000 1200 0.507 1200 0.603 	3111.148571	1	41.000000
202.0	2100 0.570 2100 0.563 2100 0.557 2100 0.000 1200 1.000 1200 0.541 1200 1.000 1200 1.000 	2617.268730	3	666.000000
203.0	2100 0.535 2100 0.731 2100 1.000 2100 0.923 1200 0.693 1200 0.563 1200 0.523 1200 0.416 	4382.358742	1	149.807692
204.0	2100 0.489 2100 0.658 2100 0.865 2100 0.965 1200 0.599 1200 0.452 1200 0.457 1200 0.640 	4104.755726	0	0.000000
205.0	2100 0.665 2100 0.916 2100 0.845 2100 0.458 1200 0.701 1200 0.623 1200 0.560 1200 0.458 	4006.715775	0	0.000000
206.0	2100 0.553 2100 0.566 2100 0.594 2100 0.000 1200 0.648 1200 1.000 1200 1.000 1200 1.000 	2661.698413	3	1071.000000
207.0	2100 0.535 2100 0.922 2100 0.770 2100 1.000 1200 0.307 1200 0.320 1200 0.444 1200 0.512 	4356.048620	1	164.500000
208.0	2100 0.474 2100 0.728 2100 0.791 2100 0.565 1200 0.995 1200 0.544 1200 0.405 1200 0.479 	3596.918034	0	0.000000
209.0	2100 0.570 2100 0.590 2100 0.589 2100 0.423 1200 0.629 1200 0.632 1200 1.000 1200 1.000 	3205.234884	2	343.000000
210.0	2100 0.677 2100 0.509 2100 0.820 2100 0.946 1200 0.532 1200 0.644 1200 0.342 1200 0.545 	4060.235861	0	0.000000
211.0	2100 0.809 2100 0.483 2100 0.666 2100 0.892 1200 0.300 1200 0.403 1200 0.372 1200 0.478 	3865.357326	0	0.000000
212.0	2100 0.597 2100 0.583 2100 0.584 2100 0.436 1200 1.000 1200 1.000 1200 0.561 1200 0.549 	3220.180904	2	497.000000
213.0	2100 0.484 2100 0.957 2100 0.742 2100 0.843 1200 0.456 1200 0.700 1200 0.492 1200 0.570 	4175.682308	0	0.000000
214.0	2100 0.469 2100 0.563 2100 0.783 2100 0.661 1200 0.566 1200 1.000 1200 0.567 1200 0.586 	3529.008767	1	247.000000
215.0	2100 0.555 2100 0.409 2100 0.549 2100 0.602 1200 0.719 1200 1.000 1200 1.000 1200 0.664 	3145.603077	2	850.000000
216.0	2100 0.660 2100 0.888 2100 0.504 2100 0.673 1200 0.403 1200 0.503 1200 0.557 1200 1.000 	3817.945824	1	194.000000
217.0	2100 0.559 2100 0.465 2100 0.597 2100 0.550 1200 1.000 1200 1.000 1200 0.635 1200 0.672 	3209.092527	2	533.000000
218.0	2100 0.803 2100 0.533 2100 0.798 2100 0.966 1200 0.347 1200 0.573 1200 0.569 1200 0.437 	4234.357082	0	0.000000
219.0	2100 0.581 2100 0.552 2100 0.540 2100 0.000 1200 1.000 1200 0.695 1200 1.000 1200 0.956 	2608.811587	2	710.000000
220.0	2100 0.729 2100 0.558 2100 0.888 2100 0.606 1200 0.516 1200 1.000 1200 0.446 1200 0.671 	3910.825800	1	78.000000
221.0	2100 0.461 2100 0.744 2100 0.839 2100 0.928 1200 0.678 1200 0.462 1200 0.343 1200 0.305 	4052.356545	0	0.000000
222.0	2100 0.552 2100 0.563 2100 0.584 2100 0.407 1200 1.000 1200 0.843 1200 0.756 1200 1.000 	3160.530904	2	618.000000
223.0	2100 0.722 2100 0.435 2100 0.805 2100 0.597 1200 0.693 1200 0.486 1200 1.000 1200 0.748 	3661.856398	1	4.000000
224.0	2100 0.571 2100 0.425 2100 0.581 2100 0.576 1200 1.000 1200 0.928 1200 1.000 1200 0.551 	3205.615372	2	6.000000
225.0	2100 0.449 2100 0.718 2100 0.850 2100 0.942 1200 0.557 1200 0.320 1200 0.635 1200 0.548 	4069.139841	0	0.000000
226.0	2100 0.426 2100 0.714 2100 0.550 2100 0.784 1200 0.847 1200 0.559 1200 0.778 1200 0.604 	3535.013187	0	0.000000
227.0	2100 0.420 2100 0.773 2100 0.560 2100 0.721 1200 0.595 1200 0.609 1200 0.824 1200 0.914 	3554.853834	0	0.000000
228.0	2100 0.581 2100 0.547 2100 0.588 2100 0.000 1200 1.000 1200 0.972 1200 1.000 1200 1.000 	2703.837778	3	687.000000
229.0	2100 0.486 2100 1.000 2100 0.712 2100 0.870 1200 0.660 1200 0.413 1200 0.603 1200 0.682 	4246.043431	1	108.807692
230.0	2100 0.582 2100 0.611 2100 0.557 2100 0.392 1200 1.000 1200 0.577 1200 0.845 1200 0.784 	3158.202491	1	57.000000
231.0	2100 0.544 2100 0.423 2100 0.566 2100 0.595 1200 1.000 1200 0.718 1200 0.817 1200 1.000 	3180.139548	2	288.000000
232.0	2100 0.654 2100 0.455 2100 0.926 2100 0.578 1200 0.667 1200 0.858 1200 0.645 1200 0.922 	3749.709536	0	0.000000
233.0	2100 0.545 2100 0.695 2100 0.887 2100 0.428 1200 0.367 1200 0.638 1200 0.752 1200 0.495 	3573.223346	0	0.000000
234.0	2100 0.476 2100 0.595 2100 0.851 2100 0.616 1200 0.713 1200 0.670 1200 0.876 1200 0.704 	3637.956386	0	0.000000
235.0	2100 0.540 2100 0.578 2100 0.438 2100 0.588 1200 0.985 1200 1.000 1200 1.000 1200 0.662 	3216.375556	2	307.000000
236.0	2100 0.565 2100 0.393 2100 0.561 2100 0.577 1200 1.000 1200 0.909 1200 0.961 1200 0.677 	3142.279829	1	129.000000
237.0	2100 0.596 2100 0.609 2100 0.436 2100 0.860 1200 0.591 1200 0.538 1200 0.751 1200 0.497 	3517.899170	0	0.000000
238.0	2100 0.588 2100 0.434 2100 0.560 2100 0.600 1200 0.792 1200 0.726 1200 1.000 1200 1.000 	3248.361941	2	400.000000
239.0	2100 0.569 2100 0.487 2100 0.893 2100 0.699 1200 0.784 1200 0.738 1200 0.312 1200 0.648 	3721.933004	0	0.000000
240.0	2100 0.469 2100 0.886 2100 0.650 2100 0.916 1200 0.634 1200 0.582 1200 0.667 1200 0.699 	4085.706447	0	0.000000
241.0	2100 0.440 2100 0.656 2100 0.852 2100 0.931 1200 0.476 1200 0.502 1200 0.439 1200 0.300 	3924.597497	0	0.000000
242.0	2100 0.438 2100 0.654 2100 0.594 2100 0.829 1200 0.888 1200 0.595 1200 0.526 1200 0.931 	3605.474286	0	0.000000
243.0	2100 0.396 2100 0.837 2100 0.608 2100 0.662 1200 0.598 1200 0.933 1200 0.811 1200 0.536 	3583.379487	0	0.000000
244.0	2100 0.445 2100 0.702 2100 0.584 2100 0.852 1200 0.492 1200 0.585 1200 0.775 1200 0.730 	3648.611111	0	0.000000
245.0	2100 0.554 2100 0.837 2100 0.689 2100 0.433 1200 0.905 1200 0.826 1200 0.651 1200 0.615 	3611.651062	0	0.000000
246.0	2100 0.547 2100 0.550 2100 0.434 2100 0.561 1200 1.000 1200 0.634 1200 0.950 1200 1.000 	3139.595592	2	536.000000
247.0	2100 0.620 2100 0.501 2100 0.702 2100 0.803 1200 0.703 1200 0.593 1200 0.977 1200 0.882 	3776.426740	0	0.000000
248.0	2100 0.426 2100 0.592 2100 0.594 2100 0.591 1200 0.648 1200 0.946 1200 1.000 1200 0.752 	3255.625287	1	68.000000
249.0	2100 0.545 2100 0.392 2100 0.594 2100 0.553 1200 0.735 1200 1.000 1200 0.972 1200 0.945 	3138.720134	1	167.000000
250.0	2100 0.698 2100 0.999 2100 0.869 2100 0.413 1200 0.433 1200 0.421 1200 0.368 1200 0.322 	4030.272906	0	0.000000
251.0	2100 0.931 2100 0.482 2100 0.813 2100 0.615 1200 0.423 1200 0.364 1200 0.384 1200 0.385 	3856.021563	0	0.000000
252.0	2100 0.550 2100 0.561 2100 0.553 2100 0.000 1200 0.857 1200 1.000 1200 0.928 1200 1.000 	2612.762857	2	342.000000
253.0	2100 0.590 2100 0.474 2100 0.673 2100 0.831 1200 0.577 1200 0.708 1200 0.563 1200 0.820 	3640.642393	0	0.000000
254.0	2100 0.440 2100 0.560 2100 0.821 2100 0.663 1200 0.523 1200 0.510 1200 0.539 1200 1.000 	3520.588999	1	127.000000
255.0	2100 0.549 2100 0.583 2100 0.577 2100 0.430 1200 0.654 1200 1.000 1200 1.000 1200 0.933 	3201.452833	2	583.000000
256.0	2100 0.556 2100 0.491 2100 0.586 2100 0.547 1200 1.000 1200 1.000 1200 0.634 1200 0.689 	3221.357875	2	221.000000
257.0	2100 0.559 2100 0.427 2100 0.854 2100 0.701 1200 0.729 1200 0.608 1200 1.000 1200 0.612 	3641.573455	1	236.000000
258.0	2100 0.998 2100 0.525 2100 0.925 2100 0.604 1200 0.479 1200 0.483 1200 0.464 1200 0.496 	4173.066435	0	0.000000
259.0	2100 0.486 2100 0.597 2100 0.974 2100 0.892 1200 0.450 1200 0.592 1200 0.316 1200 0.326 	4009.104554	0	0.000000
260.0	2100 0.462 2100 0.795 2100 0.692 2100 0.596 1200 0.502 1200 0.980 1200 0.665 1200 0.646 	3627.389841	0	0.000000
261.0	2100 0.623 2100 0.819 2100 0.646 2100 0.436 1200 0.669 1200 0.738 1200 1.000 1200 0.765 	3646.067937	1	16.000000
262.0	2100 0.607 2100 0.676 2100 0.430 2100 0.832 1200 0.402 1200 0.413 1200 0.502 1200 0.987 	3566.009194	0	0.000000
263.0	2100 0.580 2100 0.435 2100 0.572 2100 0.568 1200 1.000 1200 0.499 1200 1.000 1200 0.607 	3163.067851	2	110.000000
264.0	2100 0.554 2100 0.441 2100 0.557 2100 0.577 1200 1.000 1200 0.451 1200 1.000 1200 0.571 	3118.981832	2	304.000000
265.0	2100 0.951 2100 0.430 2100 0.970 2100 0.647 1200 0.447 1200 0.650 1200 0.563 1200 0.297 	4107.666166	0	0.000000
266.0	2100 0.556 2100 0.581 2100 0.381 2100 0.599 1200 0.718 1200 1.000 1200 1.000 1200 0.506 	3128.321648	2	140.000000
267.0	2100 0.985 2100 0.945 2100 0.412 2100 0.633 1200 0.374 1200 0.446 1200 0.527 1200 0.322 	4041.123150	0	0.000000
268.0	2100 0.540 2100 0.602 2100 0.599 2100 0.382 1200 1.000 1200 0.737 1200 0.553 1200 1.000 	3144.511722	2	303.000000
269.0	2100 0.496 2100 0.731 2100 0.760 2100 0.600 1200 0.750 1200 1.000 1200 0.494 1200 0.661 	3693.929695	1	140.000000
270.0	2100 0.748 2100 0.620 2100 0.420 2100 0.778 1200 0.675 1200 0.608 1200 0.518 1200 1.000 	3656.366215	1	265.000000
271.0	2100 0.921 2100 0.500 2100 0.951 2100 0.630 1200 0.500 1200 0.642 1200 0.686 1200 0.637 	4175.083761	0	0.000000
272.0	2100 0.485 2100 0.785 2100 0.773 2100 0.554 1200 0.929 1200 0.662 1200 0.523 1200 0.632 	3687.035812	0	0.000000
273.0	2100 0.462 2100 0.925 2100 0.633 2100 0.892 1200 0.576 1200 0.696 1200 0.368 1200 0.524 	4020.895897	0	0.000000
274.0	2100 0.557 2100 0.556 2100 0.543 2100 0.397 1200 1.000 1200 0.642 1200 0.852 1200 0.904 	3067.330488	1	277.000000
275.0	2100 0.597 2100 0.749 2100 0.440 2100 0.695 1200 0.826 1200 0.872 1200 0.679 1200 0.519 	3557.566068	0	0.000000
276.0	2100 0.715 2100 0.404 2100 0.622 2100 0.743 1200 0.850 1200 0.634 1200 0.679 1200 0.573 	3542.582491	0	0.000000
277.0	2100 0.405 2100 0.597 2100 0.543 2100 0.562 1200 0.632 1200 1.000 1200 1.000 1200 0.650 	3123.301368	2	383.000000
278.0	2100 0.548 2100 0.533 2100 0.818 2100 0.714 1200 0.627 1200 0.683 1200 1.000 1200 0.479 	3715.473187	1	62.000000
279.0	2100 0.445 2100 0.776 2100 0.711 2100 0.575 1200 0.882 1200 0.547 1200 0.687 1200 0.473 	3551.668938	0	0.000000
280.0	2100 0.594 2100 0.578 2100 0.574 2100 0.393 1200 1.000 1200 0.581 1200 0.906 1200 0.546 	3132.412491	1	18.000000
281.0	2100 0.586 2100 0.563 2100 0.590 2100 0.000 1200 1.000 1200 1.000 1200 0.549 1200 1.000 	2682.547460	3	392.000000
282.0	2100 0.492 2100 0.960 2100 0.917 2100 0.646 1200 0.315 1200 0.486 1200 0.632 1200 0.678 	4148.007509	0	0.000000
283.0	2100 0.635 2100 0.743 2100 0.692 2100 0.375 1200 0.579 1200 0.526 1200 1.000 1200 0.491 	3472.677790	1	216.000000
284.0	2100 0.423 2100 0.939 2100 0.579 2100 0.949 1200 0.688 1200 0.675 1200 0.598 1200 0.344 	4011.738242	0	0.000000
285.0	2100 0.546 2100 0.552 2100 0.563 2100 0.422 1200 0.503 1200 0.931 1200 1.000 1200 0.900 	3098.680208	1	153.000000
286.0	2100 0.561 2100 0.417 2100 0.808 2100 0.778 1200 0.788 1200 0.577 1200 0.906 1200 0.733 	3676.619792	0	0.000000
287.0	2100 0.756 2100 0.717 2100 0.548 2100 0.437 1200 0.538 1200 0.844 1200 0.455 1200 0.673 	3480.071013	0	0.000000
288.0	2100 0.431 2100 0.678 2100 0.602 2100 0.798 1200 0.458 1200 0.798 1200 0.494 1200 0.687 	3535.789670	0	0.000000
289.0	2100 0.555 2100 0.377 2100 0.588 2100 0.597 1200 0.706 1200 0.637 1200 1.000 1200 0.928 	3133.991306	1	209.000000
290.0	2100 0.607 2100 0.898 2100 0.492 2100 0.962 1200 0.557 1200 0.334 1200 0.568 1200 0.707 	4083.949280	0	0.000000
291.0	2100 0.570 2100 0.582 2100 0.568 2100 0.388 1200 0.673 1200 0.813 1200 1.000 1200 0.693 	3113.015128	1	272.000000
292.0	2100 0.973 2100 0.971 2100 0.475 2100 0.651 1200 0.544 1200 0.548 1200 0.449 1200 0.335 	4190.730440	0	0.000000
293.0	2100 0.472 2100 0.843 2100 0.671 2100 0.583 1200 0.661 1200 0.543 1200 0.672 1200 1.000 	3667.586337	1	150.000000
294.0	2100 0.602 2100 0.938 2100 0.952 2100 0.434 1200 0.321 1200 0.600 1200 0.616 1200 0.476 	4021.740037	0	0.000000
295.0	2100 0.593 2100 0.790 2100 0.435 2100 0.669 1200 0.580 1200 1.000 1200 0.467 1200 0.706 	3547.001062	1	209.000000
296.0	2100 0.805 2100 0.497 2100 0.714 2100 0.572 1200 0.680 1200 0.972 1200 0.629 1200 0.431 	3672.514933	0	0.000000
297.0	2100 0.561 2100 0.555 2100 0.590 2100 0.390 1200 0.719 1200 1.000 1200 0.885 1200 0.724 	3113.821490	1	56.000000
298.0	2100 0.633 2100 0.688 2100 0.399 2100 0.789 1200 0.737 1200 0.782 1200 0.704 1200 0.842 	3613.671526	0	0.000000
299.0	2100 0.647 2100 0.703 2100 0.419 2100 0.746 1200 0.940 1200 0.504 1200 0.546 1200 0.683 	3573.729670	0	0.000000
300.0	2100 0.774 2100 0.781 2100 0.421 2100 0.558 1200 1.000 1200 0.488 1200 0.648 1200 0.548 	3599.121746	0	0.000000
301.0	2100 0.557 2100 0.600 2100 0.385 2100 0.597 1200 0.719 1200 1.000 1200 1.000 1200 0.707 	3182.319011	2	734.000000
302.0	2100 0.581 2100 0.975 2100 0.581 2100 0.962 1200 0.492 1200 0.324 1200 0.706 1200 0.464 	4242.111856	0	0.000000
303.0	2100 0.373 2100 0.596 2100 0.596 2100 0.564 1200 0.664 1200 1.000 1200 1.000 1200 0.697 	3160.354896	2	375.000000
304.0	2100 0.590 2100 0.707 2100 0.442 2100 0.777 1200 0.571 1200 0.599 1200 1.000 1200 0.599 	3586.683236	1	312.000000
305.0	2100 0.553 2100 0.504 2100 0.577 2100 0.552 1200 1.000 1200 0.380 1200 1.000 1200 0.567 	3184.220342	2	107.000000
306.0	2100 0.421 2100 0.600 2100 0.575 2100 0.542 1200 1.000 1200 0.746 1200 0.493 1200 1.000 	3156.645250	2	258.000000
307.0	2100 0.578 2100 0.429 2100 0.563 2100 0.583 1200 0.539 1200 0.747 1200 1.000 1200 1.000 	3182.397497	2	501.000000
308.0	2100 0.780 2100 0.474 2100 0.729 2100 0.551 1200 0.553 1200 0.982 1200 0.457 1200 0.452 	3569.833907	0	0.000000
309.0	2100 0.438 2100 0.770 2100 0.771 2100 0.577 1200 0.444 1200 1.000 1200 0.482 1200 0.550 	3601.145922	1	99.000000
310.0	2100 0.593 2100 0.409 2100 0.544 2100 0.582 1200 0.670 1200 1.000 1200 1.000 1200 0.651 	3154.158376	2	387.000000
311.0	2100 0.629 2100 0.436 2100 0.739 2100 0.769 1200 0.581 1200 0.507 1200 1.000 1200 0.635 	3655.412503	1	162.000000
312.0	2100 0.622 2100 0.453 2100 0.741 2100 0.747 1200 0.527 1200 0.570 1200 1.000 1200 0.481 	3622.786606	1	96.000000
313.0	2100 0.600 2100 0.566 2100 0.569 2100 0.380 1200 1.000 1200 0.583 1200 0.696 1200 1.000 	3133.851074	2	381.000000
314.0	2100 0.595 2100 0.470 2100 0.757 2100 0.797 1200 0.702 1200 0.553 1200 0.500 1200 1.000 	3717.343138	1	60.000000
315.0	2100 0.587 2100 0.578 2100 0.461 2100 0.556 1200 0.548 1200 1.000 1200 0.569 1200 1.000 	3199.328535	2	450.000000
316.0	2100 0.948 2100 0.547 2100 0.956 2100 0.622 1200 0.304 1200 0.513 1200 0.672 1200 0.455 	4201.721966	0	0.000000
317.0	2100 0.746 2100 0.796 2100 0.602 2100 0.429 1200 1.000 1200 0.419 1200 0.472 1200 0.501 	3612.932308	1	201.000000
318.0	2100 0.746 2100 0.769 2100 0.458 2100 0.602 1200 0.543 1200 1.000 1200 0.353 1200 0.523 	3618.545726	1	59.000000
319.0	2100 0.796 2100 0.444 2100 0.599 2100 0.803 1200 0.609 1200 1.000 1200 0.620 1200 0.523 	3747.260354	1	234.000000
320.0	2100 0.641 2100 0.388 2100 0.728 2100 0.787 1200 0.478 1200 1.000 1200 0.436 1200 0.555 	3585.893700	1	71.000000
321.0	2100 0.597 2100 0.561 2100 0.557 2100 0.434 1200 1.000 1200 0.658 1200 0.689 1200 1.000 	3185.479939	2	590.000000
322.0	2100 0.572 2100 0.779 2100 0.547 2100 0.811 1200 0.743 1200 1.000 1200 0.543 1200 0.648 	3856.318425	1	104.000000
323.0	2100 0.488 2100 0.926 2100 0.877 2100 0.612 1200 0.551 1200 0.387 1200 0.618 1200 0.413 	3985.604371	0	0.000000
324.0	2100 0.571 2100 0.574 2100 0.541 2100 0.418 1200 1.000 1200 1.000 1200 0.465 1200 0.788 	3114.562784	2	102.000000
325.0	2100 0.644 2100 0.408 2100 0.645 2100 0.820 1200 1.000 1200 0.577 1200 0.667 1200 0.446 	3578.094188	1	4.000000
326.0	2100 0.553 2100 0.403 2100 0.561 2100 0.544 1200 1.000 1200 0.670 1200 0.637 1200 0.876 	3051.332430	1	254.000000
327.0	2100 0.550 2100 0.432 2100 0.570 2100 0.572 1200 0.701 1200 1.000 1200 0.627 1200 1.000 	3149.948657	2	299.000000
328.0	2100 0.560 2100 0.511 2100 0.579 2100 0.562 1200 0.625 1200 0.727 1200 1.000 1200 1.000 	3267.271282	2	206.000000
329.0	2100 0.853 2100 0.443 2100 0.698 2100 0.570 1200 1.000 1200 0.568 1200 0.656 1200 0.642 	3660.176764	1	11.000000
330.0	2100 0.589 2100 0.585 2100 0.596 2100 0.000 1200 1.000 1200 1.000 1200 0.644 1200 0.995 	2732.991270	2	225.000000
331.0	2100 0.561 2100 0.402 2100 0.597 2100 0.563 1200 1.000 1200 1.000 1200 0.551 1200 0.524 	3117.977631	2	418.000000
332.0	2100 0.973 2100 0.458 2100 0.931 2100 0.658 1200 0.416 1200 0.683 1200 0.529 1200 0.323 	4134.251551	0	0.000000
333.0	2100 0.546 2100 0.558 2100 0.549 2100 0.436 1200 0.633 1200 1.000 1200 0.635 1200 1.000 	3096.592015	2	238.000000
334.0	2100 0.594 2100 0.417 2100 0.851 2100 0.647 1200 0.870 1200 0.997 1200 0.683 1200 0.597 	3624.490696	0	0.000000
335.0	2100 0.548 2100 0.553 2100 0.552 2100 0.000 1200 1.000 1200 1.000 1200 0.549 1200 1.000 	2570.834127	3	406.000000
336.0	2100 0.513 2100 0.931 2100 0.962 2100 0.635 1200 0.706 1200 0.708 1200 0.569 1200 0.599 	4239.356593	0	0.000000
337.0	2100 0.588 2100 0.581 2100 0.547 2100 0.419 1200 0.739 1200 0.728 1200 1.000 1200 1.000 	3182.534823	2	425.000000
338.0	2100 0.608 2100 0.494 2100 0.860 2100 0.723 1200 0.494 1200 0.706 1200 0.443 1200 1.000 	3787.613016	1	15.000000
339.0	2100 0.425 2100 0.730 2100 0.836 2100 0.597 1200 0.687 1200 0.542 1200 1.000 1200 0.397 	3661.003907	1	59.000000
340.0	2100 0.603 2100 0.589 2100 0.426 2100 0.567 1200 1.000 1200 1.000 1200 0.663 1200 0.725 	3235.933700	2	749.000000
341.0	2100 0.865 2100 0.471 2100 0.752 2100 0.586 1200 0.642 1200 0.359 1200 0.944 1200 0.349 	3731.765763	0	0.000000
342.0	2100 0.423 2100 0.559 2100 0.773 2100 0.685 1200 0.650 1200 1.000 1200 0.652 1200 0.582 	3503.646557	1	143.000000
343.0	2100 0.698 2100 0.583 2100 0.479 2100 0.805 1200 1.000 1200 0.592 1200 0.593 1200 0.588 	3650.721319	1	77.000000
344.0	2100 0.559 2100 0.398 2100 0.552 2100 0.543 1200 0.697 1200 0.703 1200 1.000 1200 1.000 	3068.441099	2	367.000000
345.0	2100 0.613 2100 0.490 2100 0.924 2100 0.985 1200 0.398 1200 0.483 1200 0.359 1200 0.538 	4103.472381	0	0.000000
346.0	2100 0.951 2100 0.647 2100 0.863 2100 0.466 1200 0.302 1200 0.361 1200 0.620 1200 0.589 	4004.685910	0	0.000000
347.0	2100 0.438 2100 0.814 2100 0.585 2100 0.686 1200 0.558 1200 0.528 1200 0.716 1200 1.000 	3599.945018	1	16.000000
348.0	2100 0.593 2100 0.398 2100 0.602 2100 0.567 1200 1.000 1200 0.873 1200 0.633 1200 0.723 	3185.160305	1	108.000000
349.0	2100 0.937 2100 0.426 2100 0.662 2100 0.936 1200 0.382 1200 0.642 1200 0.351 1200 0.605 	4062.439438	0	0.000000
350.0	2100 0.722 2100 0.421 2100 0.790 2100 0.552 1200 0.983 1200 0.657 1200 0.604 1200 0.481 	3542.206056	0	0.000000
351.0	2100 0.541 2100 0.377 2100 0.555 2100 0.565 1200 1.000 1200 0.457 1200 0.545 1200 1.000 	2999.500293	2	149.000000
352.0	2100 0.475 2100 0.540 2100 0.590 2100 0.551 1200 1.000 1200 0.577 1200 0.706 1200 1.000 	3185.289292	2	275.000000
353.0	2100 0.510 2100 0.580 2100 0.567 2100 0.544 1200 0.551 1200 0.686 1200 1.000 1200 1.000 	3239.318608	2	223.000000
354.0	2100 0.461 2100 0.967 2100 0.663 2100 0.938 1200 0.489 1200 0.353 1200 0.431 1200 0.498 	4123.749255	0	0.000000
355.0	2100 1.000 2100 0.466 2100 0.645 2100 0.854 1200 0.631 1200 0.397 1200 0.411 1200 0.463 	4057.362186	1	15.923077
356.0	2100 0.439 2100 0.687 2100 0.819 2100 0.555 1200 0.632 1200 0.507 1200 1.000 1200 0.609 	3563.985836	1	184.000000
357.0	2100 0.803 2100 0.492 2100 0.672 2100 0.559 1200 0.465 1200 0.458 1200 0.515 1200 0.977 	3554.129915	0	0.000000
358.0	2100 0.569 2100 0.367 2100 0.570 2100 0.568 1200 1.000 1200 0.662 1200 0.529 1200 1.000 	3069.134322	2	286.000000
359.0	2100 0.746 2100 0.425 2100 0.551 2100 0.845 1200 0.569 1200 0.475 1200 0.694 1200 1.000 	3648.269963	1	158.000000
360.0	2100 0.551 2100 0.439 2100 0.559 2100 0.548 1200 0.473 1200 1.000 1200 0.489 1200 1.000 	3070.589719	2	349.000000
361.0	2100 0.580 2100 0.383 2100 0.591 2100 0.587 1200 1.000 1200 0.680 1200 0.700 1200 1.000 	3178.776142	2	599.000000
362.0	2100 0.653 2100 0.439 2100 0.981 2100 0.892 1200 0.501 1200 0.293 1200 0.532 1200 0.395 	4034.322979	0	0.000000
363.0	2100 0.595 2100 0.593 2100 0.417 2100 0.559 1200 0.488 1200 1.000 1200 0.648 1200 0.972 	3174.678242	1	242.000000
364.0	2100 0.566 2100 0.489 2100 0.579 2100 0.551 1200 0.481 1200 1.000 1200 0.502 1200 1.000 	3185.673321	2	235.000000
365.0	2100 0.710 2100 0.489 2100 0.758 2100 0.590 1200 0.380 1200 0.504 1200 0.630 1200 1.000 	3594.000794	1	8.000000
366.0	2100 0.372 2100 0.592 2100 0.563 2100 0.596 1200 0.716 1200 1.000 1200 1.000 1200 0.699 	3159.948767	2	445.000000
367.0	2100 0.543 2100 0.741 2100 0.460 2100 0.815 1200 0.696 1200 0.642 1200 1.000 1200 0.696 	3675.627082	1	146.000000
368.0	2100 0.649 2100 0.469 2100 0.719 2100 0.778 1200 0.422 1200 0.626 1200 0.744 1200 1.000 	3717.901074	1	59.000000
369.0	2100 0.483 2100 0.931 2100 0.950 2100 0.600 1200 0.402 1200 0.356 1200 0.587 1200 0.624 	4064.945250	0	0.000000
370.0	2100 0.471 2100 0.802 2100 0.759 2100 0.596 1200 0.564 1200 0.393 1200 0.485 1200 1.000 	3689.870952	1	26.000000
371.0	2100 0.448 2100 0.901 2100 0.555 2100 0.959 1200 0.407 1200 0.425 1200 0.602 1200 0.694 	3953.466264	0	0.000000
372.0	2100 0.462 2100 0.821 2100 0.603 2100 0.646 1200 0.527 1200 0.637 1200 0.841 1200 0.529 	3577.162564	0	0.000000
373.0	2100 0.570 2100 0.423 2100 0.576 2100 0.543 1200 0.564 1200 1.000 1200 1.000 1200 0.676 	3123.611770	2	493.000000
374.0	2100 0.969 2100 0.459 2100 1.000 2100 0.607 1200 0.523 1200 0.438 1200 0.579 1200 0.608 	4178.783761	1	26.538462
375.0	2100 0.443 2100 0.853 2100 0.589 2100 0.694 1200 0.655 1200 0.987 1200 0.688 1200 0.629 	3690.668022	0	0.000000
376.0	2100 0.590 2100 0.378 2100 0.545 2100 0.591 1200 0.702 1200 0.579 1200 1.000 1200 1.000 	3118.579756	2	259.000000
377.0	2100 0.899 2100 0.432 2100 0.985 2100 0.598 1200 0.699 1200 0.509 1200 0.674 1200 0.467 	4047.370269	0	0.000000
378.0	2100 0.548 2100 0.543 2100 0.571 2100 0.435 1200 1.000 1200 0.757 1200 0.650 1200 1.000 	3125.958584	2	319.000000
379.0	2100 0.897 2100 0.640 2100 0.403 2100 0.577 1200 0.748 1200 1.000 1200 0.611 1200 0.387 	3584.608315	1	75.000000
380.0	2100 0.430 2100 0.563 2100 0.580 2100 0.542 1200 0.965 1200 1.000 1200 0.504 1200 0.673 	3116.014139	1	218.000000
381.0	2100 0.971 2100 0.449 2100 0.937 2100 0.621 1200 0.447 1200 0.406 1200 0.399 1200 0.654 	4075.686166	0	0.000000
382.0	2100 0.599 2100 0.546 2100 0.585 2100 0.000 1200 1.000 1200 0.668 1200 1.000 1200 1.000 	2684.944603	3	435.000000
383.0	2100 0.653 2100 0.405 2100 0.656 2100 0.842 1200 1.000 1200 0.452 1200 0.616 1200 0.364 	3595.992930	1	99.000000
384.0	2100 0.395 2100 0.687 2100 0.861 2100 0.596 1200 0.512 1200 0.669 1200 0.536 1200 1.000 	3610.022723	1	313.000000
385.0	2100 0.924 2100 0.512 2100 0.910 2100 0.643 1200 0.306 1200 0.687 1200 0.464 1200 0.455 	4088.874554	0	0.000000
386.0	2100 0.474 2100 0.953 2100 0.569 2100 0.911 1200 0.437 1200 0.675 1200 0.681 1200 0.354 	4012.942955	0	0.000000
387.0	2100 0.417 2100 0.668 2100 0.826 2100 0.560 1200 0.592 1200 1.000 1200 0.582 1200 0.575 	3526.694005	1	178.000000
388.0	2100 0.478 2100 0.979 2100 0.629 2100 0.902 1200 0.322 1200 0.488 1200 0.463 1200 0.337 	4050.667277	0	0.000000
389.0	2100 0.541 2100 0.554 2100 0.594 2100 0.438 1200 1.000 1200 0.668 1200 0.712 1200 1.000 	3160.802540	2	652.000000
390.0	2100 0.925 2100 0.534 2100 0.783 2100 0.567 1200 0.558 1200 0.947 1200 0.394 1200 0.728 	3946.616264	0	0.000000
391.0	2100 0.558 2100 0.378 2100 0.545 2100 0.599 1200 0.356 1200 0.494 1200 1.000 1200 1.000 	3034.834774	2	123.000000
392.0	2100 0.390 2100 0.561 2100 0.572 2100 0.590 1200 1.000 1200 0.582 1200 1.000 1200 0.615 	3120.882540	2	320.000000
393.0	2100 1.000 2100 0.484 2100 0.871 2100 0.641 1200 0.338 1200 0.294 1200 0.673 1200 0.573 	4093.995580	1	265.307692
394.0	2100 0.575 2100 0.677 2100 0.437 2100 0.553 1200 1.000 1200 0.644 1200 1.000 1200 0.594 	3292.596190	2	619.000000
395.0	2100 0.592 2100 0.551 2100 0.665 2100 0.922 1200 0.632 1200 0.498 1200 1.000 1200 0.445 	3839.576313	1	133.000000
396.0	2100 0.481 2100 0.911 2100 0.545 2100 0.624 1200 0.724 1200 0.707 1200 1.000 1200 0.473 	3660.114054	1	45.000000
397.0	2100 0.647 2100 0.392 2100 0.843 2100 0.644 1200 0.449 1200 1.000 1200 0.652 1200 0.673 	3599.570525	1	10.000000
398.0	2100 0.562 2100 0.580 2100 0.399 2100 0.547 1200 0.752 1200 0.710 1200 1.000 1200 1.000 	3120.511294	2	400.000000
399.0	2100 0.963 2100 0.459 2100 1.000 2100 0.615 1200 0.557 1200 0.365 1200 0.330 1200 0.325 	4110.006081	1	43.769231
400.0	2100 0.460 2100 0.807 2100 0.737 2100 0.597 1200 1.000 1200 0.478 1200 0.701 1200 0.481 	3683.915580	1	167.000000
401.0	2100 0.461 2100 0.804 2100 0.602 2100 0.748 1200 0.572 1200 0.526 1200 1.000 1200 0.648 	3712.532515	1	95.000000
402.0	2100 0.603 2100 0.393 2100 0.587 2100 0.556 1200 0.363 1200 1.000 1200 0.424 1200 1.000 	3102.504652	2	333.000000
403.0	2100 0.890 2100 0.499 2100 0.695 2100 0.561 1200 0.310 1200 0.700 1200 0.401 1200 1.000 	3708.387680	1	82.000000
404.0	2100 0.624 2100 0.434 2100 0.793 2100 0.633 1200 0.476 1200 1.000 1200 0.544 1200 0.632 	3530.162747	1	186.000000
405.0	2100 0.842 2100 0.438 2100 0.694 2100 0.545 1200 0.322 1200 0.486 1200 0.637 1200 1.000 	3549.468022	1	7.000000
406.0	2100 0.922 2100 0.930 2100 0.429 2100 0.581 1200 0.591 1200 0.530 1200 0.691 1200 0.453 	3971.082857	0	0.000000
407.0	2100 0.469 2100 0.638 2100 0.936 2100 0.929 1200 0.673 1200 0.465 1200 0.310 1200 0.332 	4051.080293	0	0.000000
408.0	2100 0.451 2100 0.663 2100 0.563 2100 0.784 1200 1.000 1200 0.597 1200 0.617 1200 0.563 	3516.474286	1	264.000000
409.0	2100 0.593 2100 0.429 2100 0.827 2100 0.705 1200 1.000 1200 0.469 1200 0.537 1200 0.617 	3617.129170	1	74.000000
410.0	2100 0.569 2100 0.572 2100 0.599 2100 0.000 1200 0.701 1200 1.000 1200 1.000 1200 1.000 	2702.172540	3	943.000000
411.0	2100 1.000 2100 0.571 2100 0.898 2100 0.601 1200 0.548 1200 0.377 1200 0.330 1200 0.611 	4188.262821	1	202.384615
412.0	2100 0.572 2100 0.662 2100 0.578 2100 0.368 1200 1.000 1200 0.592 1200 1.000 1200 0.697 	3218.758034	2	437.000000
413.0	2100 0.483 2100 0.906 2100 0.597 2100 0.679 1200 1.000 1200 0.622 1200 0.655 1200 0.684 	3801.706654	1	337.000000
414.0	2100 0.633 2100 0.521 2100 0.651 2100 0.870 1200 0.696 1200 0.941 1200 0.340 1200 0.666 	3775.705653	0	0.000000
415.0	2100 0.484 2100 0.885 2100 0.663 2100 0.595 1200 0.646 1200 1.000 1200 0.606 1200 0.650 	3745.044884	1	144.000000
416.0	2100 0.599 2100 0.637 2100 0.428 2100 0.842 1200 0.432 1200 0.442 1200 1.000 1200 0.315 	3501.605678	1	99.000000
417.0	2100 0.592 2100 0.468 2100 0.556 2100 0.578 1200 0.531 1200 1.000 1200 0.655 1200 1.000 	3222.973980	2	383.000000
418.0	2100 0.552 2100 0.957 2100 0.468 2100 0.972 1200 0.483 1200 0.409 1200 0.697 1200 0.502 	4062.670061	0	0.000000
419.0	2100 0.595 2100 0.578 2100 0.591 2100 0.000 1200 0.647 1200 1.000 1200 1.000 1200 1.000 	2726.249683	3	294.000000
420.0	2100 0.621 2100 0.653 2100 0.808 2100 0.475 1200 0.758 1200 0.587 1200 1.000 1200 0.678 	3670.924567	1	245.000000
421.0	2100 1.000 2100 0.495 2100 0.959 2100 0.609 1200 0.593 1200 0.664 1200 0.535 1200 0.377 	4216.653272	1	7.923077
422.0	2100 0.600 2100 0.566 2100 0.560 2100 0.373 1200 1.000 1200 0.553 1200 1.000 1200 0.613 	3096.819231	2	439.000000
423.0	2100 0.697 2100 0.847 2100 0.528 2100 0.564 1200 0.600 1200 1.000 1200 0.427 1200 0.608 	3725.252784	1	33.000000
424.0	2100 0.926 2100 0.479 2100 0.913 2100 0.627 1200 0.467 1200 0.438 1200 0.697 1200 0.380 	4041.619194	0	0.000000
425.0	2100 0.430 2100 0.667 2100 0.800 2100 0.595 1200 0.602 1200 0.973 1200 0.652 1200 0.497 	3549.365104	0	0.000000
426.0	2100 0.552 2100 0.566 2100 0.600 2100 0.000 1200 1.000 1200 1.000 1200 0.932 1200 0.659 	2659.478889	2	236.000000
427.0	2100 0.620 2100 0.464 2100 0.814 2100 0.643 1200 0.752 1200 0.497 1200 1.000 1200 0.498 	3615.536935	1	106.000000
428.0	2100 0.635 2100 0.472 2100 0.689 2100 0.834 1200 0.573 1200 0.878 1200 0.709 1200 0.334 	3699.299451	0	0.000000
429.0	2100 0.683 2100 0.610 2100 0.424 2100 0.809 1200 1.000 1200 0.541 1200 0.504 1200 0.496 	3572.031099	1	178.000000
430.0	2100 0.569 2100 0.574 2100 0.547 2100 0.400 1200 1.000 1200 0.673 1200 0.989 1200 0.770 	3119.844603	1	453.000000
431.0	2100 0.677 2100 0.560 2100 0.830 2100 0.597 1200 1.000 1200 0.627 1200 0.556 1200 0.533 	3769.919072	1	139.000000
432.0	2100 0.648 2100 0.610 2100 0.812 2100 0.376 1200 1.000 1200 0.518 1200 0.418 1200 0.442 	3447.187228	1	87.000000
433.0	2100 0.481 2100 1.000 2100 0.946 2100 0.541 1200 0.632 1200 0.324 1200 0.303 1200 0.680 	4065.396007	1	32.269231
434.0	2100 0.593 2100 0.605 2100 0.602 2100 0.000 1200 1.000 1200 0.725 1200 1.000 1200 0.893 	2769.801917	2	669.000000
435.0	2100 0.999 2100 0.946 2100 0.561 2100 0.646 1200 0.663 1200 0.683 1200 0.678 1200 0.330 	4353.806996	0	0.000000
436.0	2100 0.475 2100 0.949 2100 0.606 2100 0.938 1200 0.483 1200 0.536 1200 0.361 1200 0.322 	4036.258718	0	0.000000
437.0	2100 0.602 2100 0.554 2100 0.576 2100 0.000 1200 1.000 1200 1.000 1200 1.000 1200 0.694 	2690.297302	3	904.000000
438.0	2100 0.588 2100 0.970 2100 0.992 2100 0.576 1200 0.439 1200 0.666 1200 0.618 1200 0.468 	4300.425751	0	0.000000
439.0	2100 0.370 2100 0.587 2100 0.572 2100 0.596 1200 0.492 1200 1.000 1200 0.988 1200 0.603 	3122.023895	1	191.000000
440.0	2100 0.688 2100 0.879 2100 0.409 2100 0.562 1200 0.657 1200 1.000 1200 0.569 1200 0.522 	3612.042943	1	135.000000
441.0	2100 0.586 2100 0.489 2100 0.594 2100 0.559 1200 1.000 1200 0.814 1200 0.493 1200 0.976 	3278.628718	1	211.000000
442.0	2100 0.591 2100 0.885 2100 0.463 2100 0.657 1200 0.493 1200 1.000 1200 0.550 1200 0.581 	3671.225165	1	61.000000
443.0	2100 0.702 2100 0.408 2100 0.852 2100 0.585 1200 1.000 1200 0.598 1200 0.552 1200 0.713 	3638.012540	1	195.000000
444.0	2100 0.973 2100 0.442 2100 0.879 2100 0.643 1200 0.510 1200 0.618 1200 0.417 1200 0.663 	4059.950061	0	0.000000
445.0	2100 0.601 2100 0.594 2100 0.545 2100 0.404 1200 0.532 1200 0.553 1200 1.000 1200 0.966 	3141.790818	1	141.000000
446.0	2100 0.454 2100 0.577 2100 0.567 2100 0.575 1200 1.000 1200 0.606 1200 0.567 1200 1.000 	3194.313028	2	251.000000
447.0	2100 0.594 2100 0.496 2100 0.582 2100 0.564 1200 1.000 1200 0.397 1200 0.702 1200 1.000 	3265.581526	2	236.000000
448.0	2100 0.583 2100 0.582 2100 0.577 2100 0.000 1200 1.000 1200 0.734 1200 1.000 1200 1.000 	2708.761111	3	804.000000
449.0	2100 0.484 2100 0.954 2100 0.953 2100 0.622 1200 0.589 1200 0.492 1200 0.708 1200 0.438 	4159.546777	0	0.000000
450.0	2100 0.490 2100 0.965 2100 0.631 2100 0.936 1200 0.692 1200 0.519 1200 0.418 1200 0.408 	4146.145079	0	0.000000
451.0	2100 0.423 2100 0.756 2100 0.574 2100 0.740 1200 0.549 1200 1.000 1200 0.560 1200 0.668 	3557.718596	1	127.000000
452.0	2100 0.563 2100 0.565 2100 0.601 2100 0.000 1200 1.000 1200 1.000 1200 0.980 1200 0.390 	2648.054603	2	194.000000
453.0	2100 0.473 2100 0.765 2100 0.555 2100 0.740 1200 0.610 1200 1.000 1200 0.613 1200 0.545 	3609.392125	1	104.000000
454.0	2100 0.556 2100 0.756 2100 0.429 2100 0.772 1200 0.741 1200 0.322 1200 0.513 1200 0.989 	3556.937155	0	0.000000
455.0	2100 0.436 2100 0.937 2100 0.957 2100 0.543 1200 0.391 1200 0.303 1200 0.616 1200 0.400 	3915.537424	0	0.000000
456.0	2100 0.575 2100 0.583 2100 0.423 2100 0.594 1200 1.000 1200 0.683 1200 1.000 1200 0.676 	3220.661490	2	469.000000
457.0	2100 0.560 2100 0.474 2100 1.000 2100 0.974 1200 0.462 1200 0.374 1200 0.613 1200 0.406 	4108.518156	1	97.769231
458.0	2100 0.958 2100 0.898 2100 0.582 2100 0.481 1200 0.625 1200 0.518 1200 0.348 1200 0.548 	4015.738291	0	0.000000
459.0	2100 0.600 2100 0.553 2100 0.556 2100 0.000 1200 1.000 1200 1.000 1200 0.738 1200 1.000 	2666.720317	3	657.000000
460.0	2100 0.540 2100 0.973 2100 0.977 2100 0.574 1200 0.477 1200 0.554 1200 0.508 1200 0.457 	4196.711233	0	0.000000
461.0	2100 0.490 2100 0.743 2100 0.750 2100 0.589 1200 0.567 1200 0.724 1200 1.000 1200 0.563 	3667.921502	1	208.000000
462.0	2100 0.598 2100 0.462 2100 0.699 2100 0.756 1200 0.483 1200 0.590 1200 0.892 1200 0.665 	3567.443492	0	0.000000
463.0	2100 0.593 2100 0.554 2100 0.598 2100 0.000 1200 1.000 1200 1.000 1200 0.895 1200 1.000 	2731.568889	3	655.000000
464.0	2100 0.559 2100 0.833 2100 0.812 2100 0.511 1200 0.908 1200 0.585 1200 0.795 1200 0.757 	3878.380696	0	0.000000
465.0	2100 0.590 2100 0.369 2100 0.555 2100 0.570 1200 1.000 1200 1.000 1200 0.863 1200 0.643 	3120.722332	2	285.000000
466.0	2100 0.640 2100 0.525 2100 0.757 2100 0.764 1200 0.932 1200 0.874 1200 0.404 1200 0.507 	3799.296398	0	0.000000
467.0	2100 0.487 2100 0.730 2100 0.785 2100 0.569 1200 0.387 1200 0.782 1200 0.848 1200 0.493 	3625.101123	0	0.000000
468.0	2100 0.464 2100 0.961 2100 0.632 2100 0.896 1200 0.579 1200 0.374 1200 0.447 1200 0.527 	4045.290073	0	0.000000
469.0	2100 0.945 2100 0.919 2100 0.449 2100 0.559 1200 0.673 1200 0.507 1200 0.313 1200 0.447 	3941.619988	0	0.000000
470.0	2100 0.485 2100 0.798 2100 0.554 2100 0.688 1200 0.596 1200 0.896 1200 0.398 1200 0.511 	3551.680745	0	0.000000
471.0	2100 0.594 2100 0.577 2100 0.578 2100 0.397 1200 0.867 1200 0.818 1200 1.000 1200 0.574 	3170.520073	1	329.000000
472.0	2100 0.583 2100 0.415 2100 0.578 2100 0.588 1200 0.508 1200 0.988 1200 0.743 1200 1.000 	3192.223626	1	87.000000
473.0	2100 0.548 2100 0.602 2100 0.591 2100 0.000 1200 0.762 1200 1.000 1200 1.000 1200 0.877 	2695.447619	2	750.000000
474.0	2100 1.000 2100 0.537 2100 0.941 2100 0.561 1200 0.391 1200 0.633 1200 0.519 1200 0.630 	4186.558156	1	76.653846
475.0	2100 0.460 2100 0.928 2100 0.593 2100 0.902 1200 0.598 1200 0.652 1200 0.378 1200 0.451 	3973.709353	0	0.000000
476.0	2100 0.472 2100 0.782 2100 0.552 2100 0.732 1200 0.724 1200 0.448 1200 0.865 1200 0.547 	3592.387680	0	0.000000
477.0	2100 0.578 2100 0.394 2100 0.547 2100 0.598 1200 0.681 1200 0.994 1200 0.747 1200 1.000 	3153.441197	1	504.000000
478.0	2100 0.560 2100 0.491 2100 0.747 2100 0.804 1200 0.707 1200 0.631 1200 0.603 1200 1.000 	3717.605726	1	73.000000
479.0	2100 0.597 2100 0.371 2100 0.594 2100 0.553 1200 1.000 1200 0.497 1200 1.000 1200 0.558 	3104.314249	2	295.000000
480.0	2100 0.595 2100 0.419 2100 0.819 2100 0.750 1200 0.483 1200 1.000 1200 0.413 1200 0.582 	3637.236838	1	40.000000
481.0	2100 0.920 2100 0.632 2100 0.433 2100 0.966 1200 0.366 1200 0.485 1200 0.476 1200 0.527 	4034.717302	0	0.000000
482.0	2100 0.595 2100 0.570 2100 0.552 2100 0.000 1200 0.542 1200 1.000 1200 1.000 1200 1.000 	2651.336190	3	513.000000
483.0	2100 0.638 2100 0.722 2100 0.477 2100 0.778 1200 1.000 1200 0.476 1200 0.438 1200 0.642 	3688.783651	1	160.000000
484.0	2100 0.427 2100 0.898 2100 0.940 2100 0.556 1200 0.308 1200 0.532 1200 0.414 1200 0.298 	3827.125946	0	0.000000
485.0	2100 0.593 2100 0.583 2100 0.583 2100 0.367 1200 1.000 1200 1.000 1200 0.623 1200 0.582 	3138.410037	2	267.000000
486.0	2100 0.644 2100 0.871 2100 0.449 2100 0.969 1200 0.603 1200 0.313 1200 0.672 1200 0.656 	4058.138291	0	0.000000
487.0	2100 0.579 2100 0.559 2100 0.566 2100 0.000 1200 1.000 1200 1.000 1200 1.000 1200 0.622 	2644.478730	3	636.000000
488.0	2100 0.485 2100 0.891 2100 1.000 2100 0.564 1200 0.432 1200 0.328 1200 0.325 1200 0.561 	3993.412821	1	63.038462
489.0	2100 0.446 2100 0.542 2100 0.937 2100 0.973 1200 0.612 1200 0.645 1200 0.537 1200 0.377 	4004.016520	0	0.000000
490.0	2100 0.480 2100 0.595 2100 0.939 2100 0.901 1200 0.341 1200 0.551 1200 0.687 1200 0.693 	4039.963687	0	0.000000
491.0	2100 0.480 2100 0.810 2100 0.747 2100 0.603 1200 0.614 1200 1.000 1200 0.733 1200 0.545 	3761.935873	1	28.000000
492.0	2100 0.549 2100 0.597 2100 0.405 2100 0.567 1200 0.882 1200 1.000 1200 0.959 1200 0.738 	3173.938095	1	369.000000
493.0	2100 0.591 2100 0.988 2100 0.436 2100 0.900 1200 0.551 1200 0.653 1200 0.525 1200 0.450 	4027.958571	0	0.000000
494.0	2100 0.417 2100 0.699 2100 0.818 2100 0.554 1200 0.549 1200 0.943 1200 0.933 1200 0.697 	3594.297546	0	0.000000
495.0	2100 0.445 2100 0.984 2100 0.930 2100 0.555 1200 0.619 1200 0.692 1200 0.293 1200 0.480 	4016.124518	0	0.000000
496.0	2100 0.977 2100 0.934 2100 0.595 2100 0.485 1200 0.565 1200 0.649 1200 0.579 1200 0.683 	4162.113773	0	0.000000
497.0	2100 0.557 2100 0.545 2100 0.381 2100 0.597 1200 0.884 1200 0.697 1200 0.697 1200 1.000 	3089.027241	1	198.000000
498.0	2100 0.784 2100 0.443 2100 0.743 2100 0.565 1200 0.377 1200 0.817 1200 0.852 1200 0.594 	3595.479670	0	0.000000
499.0	2100 0.407 2100 0.559 2100 0.557 2100 0.548 1200 0.609 1200 0.784 1200 1.000 1200 1.000 	3090.341123	2	478.000000
500.0	2100 0.548 2100 0.495 2100 0.780 2100 0.797 1200 0.821 1200 0.574 1200 1.000 1200 0.713 	3761.156471	1	247.000000
501.0	2100 0.578 2100 0.560 2100 0.581 2100 0.000 1200 1.000 1200 1.000 1200 1.000 1200 0.853 	2693.153175	3	331.000000
502.0	2100 0.454 2100 0.588 2100 0.776 2100 0.763 1200 0.397 1200 0.673 1200 0.670 1200 0.717 	3631.379853	0	0.000000
503.0	2100 0.596 2100 0.587 2100 0.436 2100 0.548 1200 1.000 1200 0.982 1200 0.542 1200 1.000 	3229.695189	2	25.000000
504.0	2100 0.420 2100 0.745 2100 0.739 2100 0.620 1200 0.459 1200 0.668 1200 0.548 1200 0.826 	3564.467375	0	0.000000
505.0	2100 0.612 2100 0.958 2100 0.975 2100 0.426 1200 0.348 1200 0.662 1200 0.379 1200 0.446 	4057.994725	0	0.000000
506.0	2100 0.487 2100 0.693 2100 0.603 2100 0.755 1200 0.369 1200 1.000 1200 0.697 1200 0.765 	3622.596618	1	55.000000
507.0	2100 0.560 2100 0.562 2100 0.540 2100 0.000 1200 1.000 1200 0.917 1200 1.000 1200 1.000 	2628.783651	3	381.000000
508.0	2100 0.488 2100 1.000 2100 0.545 2100 0.945 1200 0.567 1200 0.323 1200 0.348 1200 0.608 	4066.388999	1	60.000000
509.0	2100 0.564 2100 0.583 2100 0.594 2100 0.000 1200 1.000 1200 1.000 1200 1.000 1200 0.929 	2732.122698	3	592.000000
510.0	2100 0.579 2100 0.538 2100 0.854 2100 0.692 1200 0.751 1200 0.641 1200 1.000 1200 0.661 	3811.499451	1	127.000000
511.0	2100 0.574 2100 0.451 2100 0.547 2100 0.566 1200 0.761 1200 0.524 1200 0.988 1200 1.000 	3161.070781	1	152.000000
512.0	2100 0.395 2100 0.675 2100 0.569 2100 0.853 1200 0.475 1200 0.656 1200 0.697 1200 0.917 	3552.712796	0	0.000000
513.0	2100 0.447 2100 0.647 2100 0.593 2100 0.847 1200 0.912 1200 0.581 1200 0.567 1200 0.892 	3631.819585	0	0.000000
514.0	2100 0.451 2100 0.917 2100 0.987 2100 0.590 1200 0.635 1200 0.369 1200 0.553 1200 0.691 	4074.645482	0	0.000000
515.0	2100 0.593 2100 0.565 2100 0.401 2100 0.562 1200 0.716 1200 1.000 1200 0.986 1200 0.872 	3177.765311	1	325.000000
516.0	2100 0.637 2100 0.426 2100 1.000 2100 0.917 1200 0.654 1200 0.381 1200 0.648 1200 0.581 	4121.945189	1	81.692308
517.0	2100 0.449 2100 0.844 2100 0.665 2100 0.597 1200 0.498 1200 0.681 1200 0.705 1200 0.895 	3637.972320	0	0.000000
518.0	2100 0.567 2100 0.557 2100 0.432 2100 0.561 1200 0.848 1200 1.000 1200 0.690 1200 0.495 	3105.287863	1	275.000000
519.0	2100 0.552 2100 0.411 2100 0.599 2100 0.549 1200 0.676 1200 0.995 1200 1.000 1200 0.776 	3147.979341	1	278.000000
520.0	2100 0.800 2100 0.687 2100 0.504 2100 0.588 1200 0.467 1200 0.578 1200 1.000 1200 0.356 	3621.906850	1	69.000000
521.0	2100 0.577 2100 0.589 2100 0.548 2100 0.000 1200 1.000 1200 1.000 1200 0.633 1200 0.977 	2656.945079	2	315.000000
522.0	2100 0.812 2100 0.766 2100 0.423 2100 0.593 1200 0.472 1200 1.000 1200 0.364 1200 0.656 	3652.969475	1	46.000000
523.0	2100 0.440 2100 0.916 2100 0.915 2100 0.610 1200 0.368 1200 0.630 1200 0.584 1200 0.684 	3993.921783	0	0.000000
524.0	2100 0.425 2100 0.587 2100 0.777 2100 0.724 1200 0.669 1200 0.638 1200 0.683 1200 1.000 	3610.698486	1	123.000000
525.0	2100 0.567 2100 0.704 2100 0.837 2100 0.421 1200 0.458 1200 0.696 1200 1.000 1200 0.557 	3594.747924	1	38.000000
526.0	2100 0.698 2100 0.382 2100 0.821 2100 0.547 1200 0.503 1200 1.000 1200 0.703 1200 0.511 	3491.636178	1	188.000000
527.0	2100 0.543 2100 0.452 2100 0.559 2100 0.582 1200 1.000 1200 0.820 1200 1.000 1200 0.709 	3190.347778	2	323.000000
528.0	2100 0.599 2100 0.810 2100 0.444 2100 0.699 1200 0.609 1200 0.481 1200 0.625 1200 1.000 	3626.238364	1	81.000000
529.0	2100 0.603 2100 0.425 2100 0.554 2100 0.541 1200 0.733 1200 1.000 1200 1.000 1200 0.663 	3156.407436	2	530.000000
530.0	2100 0.542 2100 0.479 2100 1.000 2100 0.921 1200 0.373 1200 0.378 1200 0.308 1200 0.351 	3967.364444	1	81.923077
531.0	2100 0.600 2100 0.860 2100 0.394 2100 0.663 1200 0.396 1200 1.000 1200 0.585 1200 0.615 	3566.448999	1	134.000000
532.0	2100 0.584 2100 0.431 2100 0.583 2100 0.562 1200 1.000 1200 0.784 1200 1.000 1200 0.704 	3218.052430	2	464.000000
533.0	2100 0.544 2100 0.686 2100 0.415 2100 0.847 1200 0.587 1200 0.535 1200 1.000 1200 0.697 	3561.154005	1	188.000000
534.0	2100 0.571 2100 0.401 2100 0.588 2100 0.563 1200 0.544 1200 1.000 1200 0.551 1200 1.000 	3120.331722	2	326.000000
535.0	2100 0.627 2100 0.506 2100 0.963 2100 0.930 1200 0.597 1200 0.578 1200 0.489 1200 0.434 	4160.599768	0	0.000000
536.0	2100 0.468 2100 0.829 2100 0.683 2100 0.590 1200 0.648 1200 0.622 1200 1.000 1200 0.398 	3644.594872	1	22.000000
537.0	2100 0.804 2100 0.645 2100 0.419 2100 0.657 1200 0.602 1200 1.000 1200 0.495 1200 0.656 	3596.829805	1	171.000000
538.0	2100 0.583 2100 0.573 2100 0.395 2100 0.585 1200 0.602 1200 1.000 1200 1.000 1200 0.693 	3162.538730	2	499.000000
539.0	2100 0.597 2100 0.921 2100 0.481 2100 1.000 1200 0.326 1200 0.362 1200 0.666 1200 0.682 	4118.773407	1	22.307692
540.0	2100 0.472 2100 0.974 2100 0.576 2100 0.914 1200 0.694 1200 0.641 1200 0.500 1200 0.472 	4071.918278	0	0.000000
541.0	2100 0.652 2100 0.759 2100 0.408 2100 0.745 1200 1.000 1200 0.708 1200 0.509 1200 0.547 	3647.696007	1	162.000000
542.0	2100 0.470 2100 0.746 2100 0.554 2100 0.755 1200 1.000 1200 0.490 1200 0.414 1200 0.498 	3552.202186	1	61.000000
543.0	2100 0.434 2100 0.734 2100 0.563 2100 0.745 1200 0.808 1200 0.489 1200 0.688 1200 0.923 	3552.128083	0	0.000000
544.0	2100 0.747 2100 0.425 2100 0.741 2100 0.592 1200 0.966 1200 0.642 1200 0.489 1200 0.645 	3569.432076	0	0.000000
545.0	2100 0.578 2100 0.373 2100 0.591 2100 0.602 1200 1.000 1200 1.000 1200 0.872 1200 0.704 	3207.371880	2	490.000000
546.0	2100 0.748 2100 0.787 2100 0.554 2100 0.595 1200 1.000 1200 0.891 1200 0.704 1200 0.693 	3868.033700	1	69.000000
547.0	2100 0.562 2100 0.416 2100 0.733 2100 0.753 1200 0.736 1200 0.903 1200 0.987 1200 0.697 	3589.580635	0	0.000000
548.0	2100 0.562 2100 0.584 2100 0.596 2100 0.000 1200 1.000 1200 1.000 1200 1.000 1200 0.760 	2711.555238	3	576.000000
549.0	2100 0.532 2100 0.931 2100 0.976 2100 0.626 1200 0.384 1200 0.600 1200 0.479 1200 0.658 	4214.405751	0	0.000000
550.0	2100 0.595 2100 0.574 2100 0.552 2100 0.426 1200 1.000 1200 1.000 1200 0.648 1200 0.705 	3181.953822	2	287.000000
551.0	2100 0.555 2100 0.419 2100 0.575 2100 0.572 1200 0.596 1200 0.737 1200 1.000 1200 1.000 	3146.665458	2	440.000000
552.0	2100 0.802 2100 0.485 2100 0.760 2100 0.590 1200 1.000 1200 0.580 1200 0.543 1200 0.552 	3731.291917	1	56.000000
553.0	2100 0.439 2100 0.782 2100 0.586 2100 0.727 1200 0.403 1200 0.562 1200 0.651 1200 1.000 	3589.704090	1	66.000000
554.0	2100 0.586 2100 0.569 2100 0.563 2100 0.388 1200 1.000 1200 0.597 1200 0.736 1200 1.000 	3127.873443	2	417.000000
555.0	2100 0.639 2100 0.801 2100 0.475 2100 0.793 1200 0.879 1200 0.928 1200 0.617 1200 0.609 	3866.694969	0	0.000000
556.0	2100 0.922 2100 0.438 2100 1.000 2100 0.650 1200 0.675 1200 0.338 1200 0.341 1200 0.620 	4124.954225	1	64.153846
557.0	2100 0.433 2100 0.763 2100 0.591 2100 0.717 1200 0.633 1200 0.586 1200 0.949 1200 0.786 	3594.410745	0	0.000000
558.0	2100 0.588 2100 0.595 2100 0.545 2100 0.000 1200 1.000 1200 0.909 1200 0.934 1200 0.942 	2697.468571	1	167.000000
559.0	2100 0.562 2100 0.367 2100 0.591 2100 0.595 1200 1.000 1200 1.000 1200 0.668 1200 0.819 	3158.236447	2	263.000000
560.0	2100 0.597 2100 0.383 2100 0.733 2100 0.779 1200 0.984 1200 0.817 1200 0.686 1200 0.757 	3614.105824	0	0.000000
561.0	2100 0.377 2100 0.600 2100 0.541 2100 0.570 1200 1.000 1200 1.000 1200 0.984 1200 0.643 	3140.939817	2	156.000000
562.0	2100 0.552 2100 0.721 2100 0.417 2100 0.840 1200 0.669 1200 0.613 1200 0.900 1200 0.552 	3600.505702	0	0.000000
563.0	2100 0.447 2100 0.877 2100 0.957 2100 0.587 1200 0.670 1200 0.679 1200 0.707 1200 0.648 	4033.282967	0	0.000000
564.0	2100 0.600 2100 0.703 2100 0.798 2100 0.412 1200 0.662 1200 0.627 1200 1.000 1200 0.630 	3601.969206	1	13.000000
565.0	2100 0.623 2100 0.689 2100 0.385 2100 0.740 1200 0.585 1200 0.575 1200 0.863 1200 0.783 	3489.274567	0	0.000000
566.0	2100 0.595 2100 0.571 2100 0.592 2100 0.000 1200 0.875 1200 1.000 1200 0.856 1200 1.000 	2729.217302	2	853.000000
567.0	2100 0.598 2100 0.774 2100 0.536 2100 0.806 1200 0.939 1200 0.645 1200 0.588 1200 0.642 	3846.402955	0	0.000000
568.0	2100 0.595 2100 0.425 2100 0.698 2100 0.769 1200 0.724 1200 0.577 1200 0.587 1200 0.982 	3562.470232	0	0.000000
569.0	2100 0.620 2100 0.767 2100 0.434 2100 0.744 1200 0.723 1200 0.695 1200 0.649 1200 1.000 	3686.946166	1	90.000000
570.0	2100 0.540 2100 0.418 2100 0.582 2100 0.602 1200 0.651 1200 1.000 1200 0.616 1200 1.000 	3165.383834	2	180.000000
571.0	2100 0.578 2100 0.468 2100 0.592 2100 0.590 1200 0.734 1200 0.579 1200 1.000 1200 1.000 	3283.670769	2	311.000000
572.0	2100 0.790 2100 0.470 2100 0.775 2100 0.583 1200 0.567 1200 0.492 1200 0.582 1200 1.000 	3702.385861	1	225.000000
573.0	2100 0.603 2100 0.501 2100 0.559 2100 0.554 1200 0.624 1200 0.952 1200 1.000 1200 0.551 	3245.014640	1	351.000000
574.0	2100 0.565 2100 0.564 2100 0.550 2100 0.578 1200 0.555 1200 0.576 1200 1.000 1200 1.000 	3299.757985	2	79.000000
575.0	2100 0.545 2100 0.595 2100 0.584 2100 0.000 1200 1.000 1200 0.704 1200 1.000 1200 1.000 	2681.307143	3	687.000000
576.0	2100 0.531 2100 1.000 2100 1.000 2100 0.599 1200 0.396 1200 0.582 1200 0.673 1200 0.680 	4322.979524	2	90.384615
577.0	2100 0.540 2100 0.602 2100 0.583 2100 0.420 1200 1.000 1200 1.000 1200 0.663 1200 0.662 	3177.181392	2	545.000000
578.0	2100 0.645 2100 0.506 2100 0.697 2100 0.787 1200 0.534 1200 0.673 1200 1.000 1200 0.429 	3723.854103	1	62.000000
579.0	2100 0.594 2100 0.600 2100 0.563 2100 0.000 1200 0.757 1200 1.000 1200 1.000 1200 1.000 	2730.783810	3	937.000000
580.0	2100 0.601 2100 0.902 2100 0.934 2100 0.597 1200 0.477 1200 0.310 1200 0.347 1200 0.514 	4114.706252	0	0.000000
581.0	2100 0.440 2100 0.787 2100 0.593 2100 0.710 1200 1.000 1200 0.457 1200 0.701 1200 0.663 	3611.756007	1	253.000000
582.0	2100 0.980 2100 0.523 2100 0.633 2100 0.911 1200 0.616 1200 0.403 1200 0.533 1200 0.337 	4163.919292	0	0.000000
583.0	2100 0.426 2100 0.727 2100 0.599 2100 0.717 1200 0.575 1200 0.978 1200 0.457 1200 0.482 	3492.389524	0	0.000000
584.0	2100 0.563 2100 0.370 2100 0.595 2100 0.562 1200 0.515 1200 1.000 1200 0.639 1200 1.000 	3084.261038	2	294.000000
585.0	2100 0.470 2100 0.602 2100 0.553 2100 0.543 1200 1.000 1200 0.565 1200 1.000 1200 0.622 	3189.018755	2	485.000000
586.0	2100 0.623 2100 0.498 2100 0.984 2100 0.996 1200 0.333 1200 0.531 1200 0.495 1200 0.459 	4222.380611	0	0.000000
587.0	2100 0.738 2100 0.649 2100 0.753 2100 0.399 1200 0.994 1200 0.410 1200 0.347 1200 0.431 	3543.714200	0	0.000000
588.0	2100 0.562 2100 0.411 2100 0.556 2100 0.565 1200 0.497 1200 1.000 1200 0.684 1200 1.000 	3093.800232	2	465.000000
589.0	2100 0.849 2100 0.705 2100 0.472 2100 0.570 1200 0.407 1200 1.000 1200 0.597 1200 0.464 	3652.248083	1	30.000000
590.0	2100 0.419 2100 0.705 2100 0.767 2100 0.566 1200 1.000 1200 0.355 1200 0.462 1200 0.720 	3481.466459	1	71.000000
591.0	2100 0.436 2100 0.821 2100 0.567 2100 0.717 1200 0.757 1200 0.611 1200 0.673 1200 1.000 	3651.775458	1	360.000000
592.0	2100 0.927 2100 0.546 2100 0.983 2100 0.625 1200 0.373 1200 0.293 1200 0.622 1200 0.498 	4192.296215	0	0.000000
593.0	2100 0.567 2100 0.547 2100 0.583 2100 0.389 1200 0.617 1200 1.000 1200 1.000 1200 0.600 	3087.140940	2	553.000000
594.0	2100 0.567 2100 0.475 2100 0.748 2100 0.804 1200 0.744 1200 1.000 1200 0.652 1200 0.533 	3707.808645	1	226.000000
595.0	2100 0.593 2100 0.383 2100 0.575 2100 0.550 1200 1.000 1200 0.534 1200 0.648 1200 1.000 	3102.213602	2	208.000000
596.0	2100 0.985 2100 0.464 2100 1.000 2100 0.648 1200 0.356 1200 0.513 1200 0.345 1200 0.482 	4202.711917	1	50.692308
597.0	2100 0.554 2100 0.593 2100 0.420 2100 0.570 1200 1.000 1200 0.581 1200 0.556 1200 1.000 	3142.905397	2	438.000000
598.0	2100 0.597 2100 0.444 2100 0.995 2100 0.981 1200 0.521 1200 0.567 1200 0.325 1200 0.628 	4142.232332	0	0.000000
599.0	2100 0.560 2100 0.553 2100 0.578 2100 0.000 1200 1.000 1200 0.638 1200 1.000 1200 1.000 	2630.483016	3	783.000000
600.0	2100 1.000 2100 0.933 2100 0.556 2100 0.555 1200 0.539 1200 0.704 1200 0.696 1200 0.551 	4233.064628	1	73.576923
