0.0	0 0.000 0 0.000 0 0.000 0 0.000 0 0.000 0 0.000 0 0.000 0 0.000 	0.000000	0	0.000000
1.0	1300 0.984 1300 0.975 1300 0.996 1300 0.515 1100 0.793 1100 1.000 1000 0.988 1000 0.933 	1825.657578	1	169.000000
2.0	1300 0.988 1300 0.979 1300 0.992 1300 0.932 1200 0.996 1000 0.947 900 0.956 900 0.921 	1998.461730	0	0.000000
3.0	1300 0.960 1300 0.977 1300 0.972 1300 0.383 1200 0.974 1000 0.958 900 0.936 900 0.917 	1739.216544	0	0.000000
4.0	1300 0.992 1300 0.997 1300 0.977 1300 0.849 1000 0.908 1000 0.971 900 0.702 900 0.964 	1905.513647	1	240.000000
5.0	1400 0.995 1400 0.998 1300 0.991 1300 0.975 1000 0.974 1000 0.970 900 0.751 900 0.971 	2021.314835	1	212.000000
6.0	1300 0.972 1300 0.976 1300 0.972 1300 0.924 1200 0.992 900 0.981 900 0.622 800 0.989 	1929.954672	1	296.875000
7.0	1400 0.967 1400 0.993 1400 0.981 1300 0.911 1200 0.958 1100 1.000 900 0.968 800 0.972 	2053.552169	1	48.875000
8.0	1300 0.984 1300 0.983 1300 0.996 1300 0.349 1100 0.993 1100 0.845 1000 1.000 1000 0.905 	1761.631724	1	118.000000
9.0	1300 0.970 1300 0.988 1300 0.998 1300 0.552 1200 0.952 1200 0.855 1100 0.944 1100 0.951 	1917.325867	2	183.454545
10.0	1400 0.977 1400 0.999 1300 0.997 1300 0.989 1100 0.998 1000 0.976 1000 0.670 900 0.983 	2047.669416	1	269.333333
11.0	1300 0.983 1300 0.991 1300 0.987 1300 0.957 1100 0.965 1100 0.981 1000 0.990 1000 0.948 	2033.793184	0	0.000000
12.0	1300 0.972 1300 0.994 1300 0.992 1300 0.404 1100 0.972 1100 0.777 1100 0.995 1000 0.894 	1793.025093	1	203.000000
13.0	1400 0.861 1400 1.000 1300 0.996 1300 0.943 1100 0.958 1100 0.992 1000 0.976 900 0.944 	2015.324999	1	247.000000
14.0	1400 0.979 1400 0.981 1400 0.743 1400 0.947 1200 0.957 1100 1.000 1000 0.972 1000 0.882 	2018.540571	2	464.000000
15.0	1300 0.996 1300 0.981 1300 0.996 1300 0.700 1200 0.975 1200 0.967 1200 0.980 1100 0.983 	2032.444282	0	0.000000
16.0	1300 0.989 1300 0.995 1300 0.973 1300 0.446 1200 0.947 1100 0.975 1100 1.000 1100 0.832 	1859.716980	1	26.000000
17.0	1300 0.977 1300 0.994 1300 0.973 1300 0.531 1200 0.960 1100 0.978 1100 0.974 1100 0.945 	1901.034646	0	0.000000
18.0	1400 0.996 1300 0.982 1300 0.996 1300 0.954 1100 0.958 900 0.984 900 0.986 900 0.947 	2009.107515	0	0.000000
19.0	1300 0.968 1300 0.978 1300 0.993 1300 0.327 1200 0.992 1000 0.993 1000 0.973 1000 0.923 	1758.111083	0	0.000000
20.0	1300 0.958 1300 0.990 1300 0.998 1300 0.276 1100 0.970 1100 0.992 1000 0.967 1000 0.936 	1735.832170	0	0.000000
21.0	1300 0.964 1300 0.992 1300 0.995 1300 0.349 1100 0.967 1100 0.993 1100 0.965 1000 0.959 	1790.009403	0	0.000000
22.0	1300 0.969 1300 0.990 1300 0.986 1300 0.527 1100 0.913 1100 0.971 1000 1.000 1000 0.862 	1830.848514	1	47.000000
23.0	1300 0.975 1300 0.993 1300 0.973 1300 0.323 1200 0.945 1100 0.958 1000 0.960 1000 0.881 	1763.070757	0	0.000000
24.0	1400 0.986 1300 0.718 1300 1.000 1300 0.909 1200 0.918 900 1.000 900 0.973 800 0.940 	1869.333091	2	545.000000
25.0	1600 0.982 1300 0.977 1300 0.986 1300 0.400 1200 0.960 1100 0.973 1100 0.956 1100 0.915 	2025.569035	0	0.000000
26.0	1300 0.985 1300 0.979 1300 0.986 1300 0.387 1200 0.964 1000 0.968 1000 0.971 1000 0.911 	1780.821223	0	0.000000
27.0	1300 0.970 1300 0.979 1300 0.990 1300 0.327 1200 0.777 1200 1.000 1200 0.967 1200 0.973 	1855.906312	1	216.000000
28.0	1300 0.973 1300 0.977 1300 0.982 1300 0.365 1200 0.941 1100 0.975 1100 0.969 1100 0.995 	1827.031682	0	0.000000
29.0	1300 0.979 1300 0.983 1300 0.976 1300 0.501 1200 0.970 1200 0.968 1100 0.958 1100 0.903 	1900.384800	0	0.000000
30.0	1300 0.975 1300 0.987 1300 0.986 1300 0.391 1200 0.952 1200 0.981 1200 0.986 1200 0.934 	1903.199389	0	0.000000
31.0	1300 0.970 1300 0.986 1300 0.990 1300 0.523 1200 0.826 1200 1.000 1200 0.933 1200 0.986 	1945.335010	1	186.000000
32.0	1400 0.903 1400 1.000 1400 0.999 1300 0.898 1200 0.962 1000 0.800 1000 1.000 1000 0.947 	2036.646821	2	362.000000
33.0	1400 0.960 1300 0.986 1300 0.975 1300 0.923 1000 0.943 1000 0.967 1000 0.984 1000 0.950 	1982.513262	0	0.000000
34.0	1300 0.953 1300 0.999 1300 0.993 1300 0.438 1200 0.991 1100 0.985 1100 0.970 1100 0.918 	1863.547063	0	0.000000
35.0	1300 0.994 1300 0.988 1300 0.974 1300 0.272 1200 0.997 1200 0.982 1200 0.972 1200 0.927 	1859.253590	0	0.000000
36.0	1300 0.993 1300 0.994 1300 0.973 1300 0.531 1200 0.980 1200 0.998 1200 0.921 1100 0.951 	1947.575392	0	0.000000
37.0	1300 0.970 1300 0.988 1300 0.981 1300 0.379 1200 0.945 1200 0.757 1200 0.988 1200 0.958 	1869.056371	1	247.000000
38.0	1400 0.999 1300 0.986 1300 0.994 1300 0.977 1200 0.995 1100 0.967 1100 0.990 1000 0.922 	2113.817427	0	0.000000
39.0	1300 0.967 1300 0.992 1300 0.983 1300 0.349 1100 0.788 1100 1.000 1100 0.923 1000 0.920 	1761.062137	1	183.000000
40.0	1300 0.977 1300 0.995 1300 0.984 1300 0.497 1200 0.949 1200 1.000 1200 0.933 1200 0.948 	1949.613511	1	38.000000
41.0	1300 0.992 1300 0.994 1300 0.976 1300 0.442 1200 0.963 1200 0.993 1100 0.996 1100 0.946 	1896.144617	0	0.000000
42.0	1300 0.976 1300 0.978 1300 0.984 1300 0.323 1200 0.733 1200 1.000 1100 0.948 1100 0.920 	1800.386711	1	287.000000
43.0	1400 0.835 1400 1.000 1300 0.984 1300 0.902 1100 0.982 1100 0.832 1100 1.000 1000 0.976 	2001.590432	2	410.000000
44.0	1400 0.975 1300 0.982 1300 0.972 1300 0.400 1200 0.936 1200 0.988 1100 0.936 1100 0.923 	1874.150390	0	0.000000
45.0	1300 0.967 1300 1.000 1300 0.998 1300 0.373 1200 0.981 1200 0.974 1100 0.968 1100 0.855 	1855.094440	0	0.000000
46.0	1400 0.984 1300 0.985 1300 0.990 1300 0.936 1200 0.966 1000 0.974 1000 0.965 900 0.922 	2032.628860	0	0.000000
47.0	1400 0.991 1300 0.989 1300 0.779 1300 0.939 1200 0.922 1000 1.000 1000 0.992 900 0.929 	1948.396879	2	346.000000
48.0	1300 0.969 1300 0.977 1300 0.999 1300 0.649 1200 0.995 1200 0.751 1200 0.974 1100 0.973 	1972.312724	1	250.000000
49.0	1400 0.992 1300 0.821 1300 1.000 1300 0.942 1100 0.964 1000 0.700 1000 1.000 1000 0.917 	1942.589158	2	579.000000
50.0	1500 0.983 1300 0.979 1300 0.993 1300 0.416 1200 0.798 1200 1.000 1100 0.935 1100 0.952 	1959.017001	1	150.000000
51.0	1300 0.975 1300 0.999 1300 0.992 1300 0.416 1200 0.885 1200 1.000 1100 0.962 1100 0.913 	1871.038300	1	80.000000
52.0	1300 0.969 1300 0.990 1300 0.982 1300 0.607 1200 0.972 1200 0.968 1100 0.967 1100 0.934 	1951.081230	0	0.000000
53.0	1300 0.984 1300 0.998 1300 0.989 1300 0.556 1200 0.967 1200 0.703 1200 1.000 1100 0.872 	1927.168200	1	338.000000
54.0	1300 0.986 1300 0.989 1300 0.976 1300 0.247 1100 0.974 1000 0.979 1000 0.505 1000 0.945 	1667.078764	1	447.000000
55.0	1400 0.968 1300 0.846 1300 1.000 1300 0.957 1200 1.000 1200 0.967 1200 0.984 1200 0.948 	2116.041214	1	253.000000
56.0	1500 0.988 1300 0.989 1300 0.997 1300 0.412 1200 0.960 1200 0.977 1100 0.928 1100 0.950 	1982.387315	0	0.000000
57.0	1300 1.000 1300 0.994 1300 0.999 1300 0.298 1200 0.997 1100 0.980 1100 0.973 1100 0.892 	1821.971397	0	0.000000
58.0	1300 0.978 1300 0.986 1300 0.988 1300 0.323 1200 0.972 1200 0.979 1100 0.985 1100 0.901 	1834.571313	0	0.000000
59.0	1300 0.962 1300 0.998 1300 0.988 1300 0.357 1200 0.806 1200 1.000 1200 0.989 1100 0.991 	1859.916536	1	195.000000
60.0	1300 0.972 1300 0.997 1300 0.999 1300 0.493 1200 0.979 1100 0.962 1100 1.000 1100 0.860 	1890.225083	1	72.000000
61.0	1300 0.989 1300 0.923 1300 1.000 1300 0.957 1100 0.917 1000 1.000 900 0.994 900 0.894 	1965.842760	2	145.000000
62.0	1300 0.982 1300 0.983 1300 0.987 1300 0.404 1100 0.928 1100 1.000 1100 0.975 1000 0.942 	1810.370933	1	50.000000
63.0	1300 0.978 1300 0.982 1300 0.988 1300 0.471 1100 0.985 1100 0.864 1000 1.000 1000 0.859 	1804.689103	1	119.000000
64.0	1300 0.975 1300 0.993 1300 0.985 1300 0.556 1200 0.978 1100 0.964 1100 0.933 1000 0.930 	1892.186105	0	0.000000
65.0	1300 0.972 1300 0.989 1300 0.846 0 0.000 1200 0.952 1100 0.770 1100 0.957 1100 0.990 	1596.551399	1	223.000000
66.0	1300 0.975 1300 0.979 1300 0.985 1300 0.594 1200 0.927 1100 0.975 1100 0.992 1100 0.909 	1919.619103	0	0.000000
67.0	1300 0.957 1300 0.995 1300 0.980 1300 0.497 1200 0.966 1100 0.817 1100 1.000 1100 0.987 	1873.384691	1	162.000000
68.0	1300 0.967 1300 0.995 1300 0.977 1300 0.394 1200 0.992 1200 1.000 1200 0.983 1100 0.960 	1891.279507	0	0.000000
69.0	1300 0.976 1300 0.988 1300 0.978 1300 0.493 1200 0.994 1100 0.987 1100 0.978 1100 0.888 	1883.824092	0	0.000000
70.0	1300 0.978 1300 0.989 1300 0.985 1300 0.247 1200 0.998 1100 0.926 1100 0.619 1100 0.972 	1749.133272	1	396.000000
71.0	1400 0.965 1300 0.821 1300 1.000 1300 0.962 1100 0.994 1100 0.957 900 0.960 900 0.973 	1962.306612	1	308.000000
72.0	1500 0.979 1300 0.978 1300 0.978 1300 0.383 1100 0.971 1100 0.802 1000 1.000 1000 0.895 	1858.155388	1	157.000000
73.0	1300 0.981 1300 0.994 1300 0.988 1300 0.250 1200 0.949 1100 0.990 1100 0.963 1100 0.992 	1792.943428	0	0.000000
74.0	1300 0.975 1300 0.979 1300 0.999 1300 0.552 1200 0.972 1200 0.942 1200 0.980 1100 0.894 	1947.849042	0	0.000000
75.0	1400 0.989 1400 0.762 1300 1.000 1300 0.996 1000 0.981 1000 0.977 1000 0.646 900 0.904 	1921.290823	2	784.444444
76.0	1600 0.986 1400 0.993 1300 0.979 1300 0.937 1200 0.952 1000 1.000 900 0.956 800 0.936 	2188.497862	1	17.444444
77.0	1300 0.978 1300 0.975 1300 0.995 1300 0.412 1200 0.865 1200 1.000 1200 0.940 1100 0.943 	1880.040563	1	104.000000
78.0	1300 0.984 1300 0.988 1300 0.982 1300 0.357 1200 0.963 1100 0.964 1100 0.989 1100 0.930 	1829.937951	0	0.000000
79.0	1300 0.974 1300 0.986 1300 0.988 1300 0.361 1100 0.985 1000 0.959 1000 0.969 1000 0.900 	1748.870525	0	0.000000
80.0	1300 0.963 1300 0.986 1300 0.982 1300 0.412 1200 0.936 1100 0.909 1100 1.000 1100 0.871 	1829.927712	1	66.000000
81.0	1400 0.990 1400 0.997 1400 0.997 1300 0.937 1200 0.973 1000 0.951 1000 0.998 1000 0.977 	2106.054799	0	0.000000
82.0	1300 0.971 1300 0.987 1300 0.988 1300 0.556 1200 0.965 1200 0.981 1200 1.000 1100 0.902 	1953.411750	1	30.000000
83.0	1300 0.974 1300 0.983 1300 0.978 1300 0.335 1200 0.953 1100 0.977 1100 1.000 1100 0.916 	1812.587721	1	47.000000
84.0	1300 0.969 1300 0.976 1300 0.985 1300 0.531 1200 0.986 1100 0.996 1100 0.989 1000 0.955 	1883.598593	0	0.000000
85.0	1400 0.970 1300 0.795 1300 1.000 1300 0.961 1100 0.976 1000 0.977 900 0.960 900 0.986 	1934.756686	1	371.000000
86.0	1500 0.980 1300 0.982 1300 0.996 1300 0.272 1100 0.952 1100 0.957 1100 0.965 1000 0.916 	1853.059318	0	0.000000
87.0	1300 0.957 1300 0.987 1300 0.976 1300 0.434 1100 0.996 1100 0.996 1000 0.949 1000 0.952 	1795.092528	0	0.000000
88.0	1300 0.977 1300 1.000 1300 0.973 1300 0.254 1200 0.963 1200 0.970 1200 0.933 1200 0.917 	1837.670276	0	0.000000
89.0	1300 0.982 1300 0.990 1300 0.993 1300 0.298 1200 0.939 1200 1.000 1200 0.983 1100 0.931 	1851.843301	1	4.000000
90.0	1300 0.991 1300 0.977 1300 0.996 1300 0.383 1200 0.998 1200 0.998 1200 0.946 1100 0.929 	1889.759204	0	0.000000
91.0	1300 0.954 1300 0.991 1300 0.998 1300 0.493 1200 0.947 1200 0.975 1100 0.964 1100 0.902 	1897.792509	0	0.000000
92.0	1300 0.970 1300 0.996 1300 0.980 1300 0.446 1200 0.970 1100 0.965 1100 0.953 1100 0.878 	1856.854528	1	32.000000
93.0	1300 0.986 1300 0.999 1300 0.976 1300 0.604 1200 0.975 1100 0.932 1100 0.960 1100 0.969 	1937.832847	0	0.000000
94.0	1400 0.887 1300 1.000 1300 0.985 1300 0.939 1200 0.938 1000 0.999 1000 0.992 900 0.961 	1998.412704	1	171.000000
95.0	1300 0.965 1300 0.988 1300 0.992 1300 0.607 1200 0.974 1200 0.813 1200 0.992 1100 0.950 	1958.965168	1	150.000000
96.0	1400 0.964 1300 0.846 1300 1.000 1300 0.953 1200 0.998 1000 0.729 900 1.000 900 0.907 	1950.641956	2	494.000000
97.0	1400 0.988 1300 0.989 1300 0.898 1300 0.922 1100 0.955 1000 0.996 1000 0.965 1000 0.909 	1980.806214	1	143.000000
98.0	1300 0.956 1300 0.977 1300 0.999 1300 0.501 1100 0.941 1100 0.763 1000 0.964 1000 0.898 	1796.025840	1	255.400000
99.0	1300 0.968 1300 0.980 1300 0.998 1300 0.331 1100 0.795 1100 1.000 1100 0.990 1100 0.883 	1776.911634	1	159.000000
100.0	1300 0.991 1300 0.985 1300 0.986 1300 0.604 1100 0.956 1000 0.963 1000 0.966 900 0.876 	1843.793756	0	0.000000
101.0	1300 0.969 1300 0.987 1300 0.988 1300 0.353 1100 0.985 1000 0.903 1000 0.993 900 0.923 	1732.873894	1	52.000000
102.0	1400 0.972 1400 0.738 1300 1.000 1300 0.911 1100 0.995 1100 0.957 1100 0.964 1000 0.978 	1967.121669	1	511.000000
103.0	1600 0.982 1300 0.986 1300 0.977 1300 0.460 1200 0.986 1200 0.973 1200 0.966 1200 0.893 	2111.447919	0	0.000000
104.0	1400 0.978 1400 0.985 1400 0.978 1300 0.911 1100 0.979 1000 0.976 900 0.676 900 0.991 	2013.916578	1	245.000000
105.0	1300 0.984 1300 0.979 1300 0.983 1300 0.379 1200 0.908 1200 1.000 1100 0.975 1100 0.899 	1849.481311	1	90.000000
106.0	1300 0.973 1300 0.983 1300 0.998 1300 0.250 1200 0.961 1200 0.845 1200 1.000 1100 0.932 	1812.237687	1	125.000000
107.0	1300 0.972 1300 0.993 1300 0.984 1300 0.298 1200 0.835 1200 1.000 1200 0.909 1200 0.990 	1849.279112	1	128.000000
108.0	1300 0.981 1300 0.996 1300 0.975 1300 0.408 1100 0.987 1100 0.965 1100 0.990 1000 0.865 	1809.986481	0	0.000000
109.0	1300 0.992 1300 0.977 1300 0.978 1300 0.247 1200 0.961 1200 0.989 1100 0.975 1100 0.927 	1801.351087	0	0.000000
110.0	1300 0.976 1300 0.983 1300 0.995 1300 0.272 1100 0.918 1100 0.965 1100 0.995 1000 0.892 	1747.702692	0	0.000000
111.0	1300 0.977 1300 0.990 1300 0.821 0 0.000 1200 0.771 1200 1.000 1200 0.989 1100 0.962 	1631.432914	1	250.000000
112.0	1300 0.988 1300 0.993 1300 0.993 1300 0.548 1100 0.962 1100 0.935 1100 0.980 1100 0.918 	1894.838300	0	0.000000
113.0	1300 0.964 1300 0.982 1300 0.978 1300 0.501 1200 0.978 1200 0.987 1200 0.995 1200 0.939 	1945.386331	0	0.000000
114.0	1400 0.867 1300 1.000 1300 0.998 1300 0.906 1100 0.920 1000 0.987 900 0.990 900 0.949 	1946.231730	1	211.000000
115.0	1400 0.961 1400 0.989 1300 0.840 1300 0.903 1200 0.925 900 1.000 900 0.958 800 0.916 	1924.187285	2	297.000000
116.0	1300 0.979 1300 0.977 1300 0.981 1300 0.645 1200 0.935 1200 0.971 1200 0.963 1200 0.948 	2002.855365	0	0.000000
117.0	1300 0.964 1300 0.988 1300 0.981 1300 0.412 1200 0.817 1200 1.000 1200 0.958 1100 0.910 	1865.963925	1	162.000000
118.0	1300 0.978 1300 0.978 1300 0.998 1300 0.542 1000 0.988 1000 0.937 1000 0.963 1000 0.880 	1805.980686	0	0.000000
119.0	1300 0.977 1300 0.997 1300 0.991 1300 0.387 1200 0.967 1000 0.977 1000 0.984 1000 0.909 	1789.377298	0	0.000000
120.0	1300 0.975 1300 0.995 1300 0.999 1300 0.497 1200 0.977 1100 0.935 1100 0.942 1100 0.960 	1893.535632	1	60.000000
121.0	1300 0.969 1300 0.977 1300 0.979 1300 0.519 1200 0.924 1200 1.000 1200 0.972 1100 0.915 	1924.006946	1	42.000000
122.0	1300 0.982 1300 0.999 1300 0.977 1300 0.327 1200 0.968 1200 0.943 1100 0.995 1100 0.946 	1839.707778	0	0.000000
123.0	1300 0.970 1300 0.979 1300 0.998 1300 0.357 1100 0.933 1000 0.968 1000 0.960 1000 0.901 	1741.847613	0	0.000000
124.0	1300 0.991 1300 0.998 1300 0.972 1300 0.339 1100 0.775 1100 1.000 1000 0.983 1000 0.918 	1749.475896	1	192.000000
125.0	1300 0.959 1300 0.989 1300 0.982 1300 0.523 1200 0.942 1200 0.978 1100 0.969 1100 0.901 	1905.179112	0	0.000000
126.0	1300 0.963 1300 0.999 1300 0.996 1300 0.327 1200 0.993 1200 0.783 1100 1.000 1100 0.909 	1819.926324	1	223.000000
127.0	1300 0.985 1300 0.977 1300 0.984 1300 0.915 1000 0.953 1000 0.969 1000 0.962 1000 0.946 	1966.766923	0	0.000000
128.0	1300 0.986 1300 0.986 1300 0.982 1300 0.420 1100 0.974 1100 0.980 1100 0.985 1100 0.952 	1841.497009	0	0.000000
129.0	1300 0.971 1300 0.992 1300 0.992 1300 0.284 1100 0.940 1100 0.998 1100 0.981 1000 0.956 	1763.022727	0	0.000000
130.0	1300 0.959 1300 0.993 1300 0.989 1300 0.501 1200 0.970 1200 1.000 1100 0.649 1100 0.943 	1877.993170	1	347.000000
131.0	1300 0.977 1300 0.846 1300 1.000 1300 0.878 1200 0.968 1000 0.802 900 1.000 900 0.850 	1900.463633	2	379.000000
132.0	1400 0.959 1300 1.000 1300 0.991 1300 0.921 1100 0.929 1000 1.000 1000 0.998 900 0.940 	2004.089203	1	7.000000
133.0	1300 0.973 1300 0.991 1300 0.983 1300 0.402 1200 0.949 1100 0.966 1100 0.957 1000 0.953 	1825.085439	0	0.000000
134.0	1300 0.965 1300 0.977 1300 0.986 1300 0.479 1200 0.907 1200 1.000 1200 0.930 1100 0.910 	1900.578126	1	56.000000
135.0	1300 0.980 1300 0.997 1300 0.981 1300 0.335 1200 0.963 1100 0.993 1100 0.985 1100 0.929 	1825.035580	0	0.000000
136.0	1300 0.975 1300 0.990 1300 0.988 1300 0.489 1000 0.957 1000 0.955 1000 0.992 900 0.926 	1777.343677	0	0.000000
137.0	1300 0.903 1300 1.000 1300 0.977 1300 0.951 1200 0.972 1000 0.810 900 1.000 900 0.914 	1961.617436	2	284.000000
138.0	1400 0.971 1300 0.994 1300 0.991 1300 0.505 1200 1.000 1200 0.989 1200 0.929 1200 0.925 	1976.870392	1	56.000000
139.0	1300 0.976 1300 0.995 1300 0.977 1300 0.416 1100 0.833 1000 1.000 1000 0.973 1000 0.876 	1758.827613	1	106.000000
140.0	1400 0.880 1400 1.000 1400 0.980 1400 0.932 1200 0.994 900 0.939 900 0.690 900 0.977 	2016.953590	2	459.000000
141.0	1400 0.980 1400 0.991 1400 0.753 1300 0.937 1100 0.985 1000 0.958 900 0.972 800 0.929 	1924.686351	1	442.820513
142.0	1300 0.956 1300 0.988 1300 0.996 1300 0.564 1200 0.981 1100 0.992 1100 1.000 1000 0.905 	1898.304181	1	14.000000
143.0	1300 0.997 1300 0.988 1300 0.985 1300 0.869 1200 0.973 900 0.989 900 0.972 900 0.940 	1968.899606	0	0.000000
144.0	1300 0.969 1300 0.993 1300 0.989 1300 0.475 1200 0.959 1200 0.979 1200 1.000 1100 0.807 	1910.941754	1	134.000000
145.0	1300 0.984 1300 0.983 1300 0.973 1300 0.387 1200 0.762 1200 1.000 1200 0.941 1200 0.934 	1871.048185	1	229.000000
146.0	1300 0.968 1300 0.983 1300 0.974 1300 0.675 1200 0.955 1200 0.966 1200 1.000 1200 0.849 	2004.157830	1	79.000000
147.0	1300 0.958 1300 0.986 1300 0.976 1300 0.578 1100 0.940 1100 0.975 1100 0.997 1100 0.945 	1891.151583	0	0.000000
148.0	1400 0.983 1400 0.991 1300 0.987 1300 0.895 1200 0.930 1000 1.000 900 0.957 900 0.886 	2023.192911	1	42.000000
149.0	1400 0.992 1400 0.991 1300 0.986 1300 0.956 1200 0.917 900 1.000 900 0.966 700 0.927 	2018.666261	1	33.000000
150.0	1300 0.968 1300 0.996 1300 0.986 1300 0.408 1200 0.972 1200 0.981 1100 0.971 1100 0.905 	1869.330319	0	0.000000
151.0	1400 0.984 1400 0.986 1300 0.976 1300 0.982 1100 0.951 1100 0.974 1000 0.972 1000 0.921 	2078.408765	0	0.000000
152.0	1300 0.970 1300 0.975 1300 0.986 1300 0.302 1100 0.905 1100 1.000 1100 0.986 1100 0.924 	1773.608307	1	85.000000
153.0	1300 0.981 1300 0.998 1300 0.982 1300 0.493 1200 0.961 1000 0.994 900 0.968 900 0.892 	1810.088134	0	0.000000
154.0	1300 0.968 1300 0.990 1300 0.989 1300 0.428 1200 0.942 1100 0.984 1100 1.000 1100 0.778 	1842.559127	1	154.000000
155.0	1300 0.957 1300 0.992 1300 0.994 1300 0.578 1200 0.998 1000 0.931 1000 1.000 1000 0.766 	1851.206503	1	187.000000
156.0	1400 0.986 1300 0.976 1300 0.982 1300 0.886 1200 0.974 1200 0.934 1100 0.957 1100 0.926 	2088.667946	0	0.000000
157.0	1300 0.964 1300 0.981 1300 0.973 1300 0.467 1200 0.945 1100 1.000 1100 0.976 1100 0.888 	1857.778990	1	5.000000
158.0	1300 0.974 1300 0.982 1300 0.987 1300 0.505 1100 0.974 1100 0.890 1100 0.974 1000 0.918 	1840.867213	1	100.000000
159.0	1300 1.000 1300 0.991 1300 0.979 1300 0.742 1200 0.986 1000 0.988 900 0.967 900 0.960 	1928.409069	0	0.000000
160.0	1300 0.988 1300 0.979 1300 0.998 1300 0.272 1200 0.975 1200 1.000 1200 0.964 1200 0.898 	1857.946509	0	0.000000
161.0	1300 0.982 1300 0.999 1300 0.994 1300 0.416 1200 0.962 1200 0.973 1200 0.969 1200 0.914 	1921.769744	0	0.000000
162.0	1300 0.982 1300 0.991 1300 0.998 1300 0.475 1100 0.945 1100 0.978 1100 0.361 1100 0.957 	1805.263367	1	675.000000
163.0	1500 0.835 1500 1.000 1400 0.993 1400 0.973 1200 0.996 1100 0.955 1000 0.999 1000 0.930 	2240.646715	1	330.000000
164.0	1500 0.985 1300 0.989 1300 0.999 1300 0.501 1200 0.977 1100 0.775 1100 1.000 1100 0.864 	1978.979011	1	198.000000
165.0	1300 0.973 1300 0.994 1300 0.992 1300 0.272 1200 0.970 1100 0.789 1000 1.000 1000 0.883 	1737.518579	1	160.000000
166.0	1300 0.964 1300 0.986 1300 0.986 1300 0.489 1200 0.962 1200 0.972 1200 0.711 1100 0.955 	1889.035908	1	311.545455
167.0	1300 0.982 1300 0.977 1300 0.980 1300 0.467 1200 0.942 1200 0.985 1200 0.961 1100 0.901 	1905.604649	1	4.090909
168.0	1300 0.968 1300 0.982 1300 0.975 1300 0.578 1200 0.992 1200 0.979 1200 0.960 1100 0.881 	1949.861419	0	0.000000
169.0	1300 0.981 1300 0.998 1300 0.975 1300 0.323 1100 0.998 1100 0.799 1100 1.000 1000 0.951 	1766.112959	1	167.000000
170.0	1300 0.984 1300 0.995 1300 0.992 1300 0.412 1100 0.947 1100 0.966 1000 0.953 1000 0.938 	1798.782989	0	0.000000
171.0	1300 0.975 1300 0.997 1300 0.996 1300 0.527 1200 0.955 1200 0.993 1200 1.000 1200 0.859 	1964.555897	1	15.000000
172.0	1300 0.970 1300 0.990 1300 0.982 1300 0.531 1200 0.712 1100 1.000 1100 0.915 1100 0.935 	1864.657337	1	299.000000
173.0	1400 0.996 1400 0.980 1300 0.992 1300 0.909 1200 0.990 1000 0.916 1000 0.665 1000 0.935 	2032.544286	1	308.000000
174.0	1400 0.982 1300 0.986 1300 0.784 1300 0.908 1100 0.956 1100 0.974 1100 0.995 1000 0.965 	1966.972349	1	350.000000
175.0	1400 0.978 1400 0.989 1400 0.983 1400 0.930 1100 0.949 1100 0.983 1000 1.000 1000 0.582 	2075.706350	1	315.000000
176.0	1300 0.986 1300 0.985 1300 0.976 1300 0.815 1100 0.958 1000 0.985 1000 0.985 1000 0.874 	1940.736364	0	0.000000
177.0	1300 0.965 1300 0.995 1300 0.988 1300 0.250 1200 0.961 1000 0.984 1000 0.959 900 0.914 	1712.079631	0	0.000000
178.0	1300 0.975 1300 0.989 1300 0.988 1300 0.531 1200 0.967 1100 0.682 1100 1.000 1100 0.853 	1867.625992	1	337.000000
179.0	1300 0.976 1300 1.000 1300 0.975 1300 0.408 1200 0.968 1200 0.985 1200 0.965 1200 0.902 	1908.229290	0	0.000000
180.0	1300 0.959 1300 0.979 1300 0.993 1300 0.471 1200 0.988 1100 0.960 1100 0.955 1100 0.937 	1869.834972	0	0.000000
181.0	1300 0.967 1300 0.991 1300 0.985 1300 0.424 1200 0.981 1100 0.985 1000 0.646 1000 0.904 	1789.012363	1	314.000000
182.0	1400 0.979 1300 0.795 1300 1.000 1300 0.915 1200 0.987 1000 0.964 900 0.957 900 0.902 	1933.938630	1	387.000000
183.0	1500 0.983 1300 1.000 1300 0.978 1300 0.369 1200 0.963 1000 0.971 1000 0.981 1000 0.887 	1879.266909	0	0.000000
184.0	1300 0.976 1300 0.976 1300 0.985 1300 0.361 1200 0.981 1100 0.970 1100 0.933 1100 0.926 	1820.991137	0	0.000000
185.0	1300 0.992 1300 0.998 1300 0.991 1300 0.339 1100 0.998 1100 0.985 1100 0.934 1100 0.950 	1816.144961	1	38.000000
186.0	1400 0.873 1300 1.000 1300 0.995 1300 0.961 1100 0.977 1000 0.955 1000 0.987 900 0.941 	1984.912738	1	201.000000
187.0	1400 0.988 1300 0.972 1300 0.996 1300 0.404 1100 0.959 1100 0.975 1000 0.993 1000 0.870 	1811.281722	0	0.000000
188.0	1300 0.961 1300 0.988 1300 0.989 1300 0.379 1100 0.973 1100 0.862 1100 0.988 1000 0.966 	1786.925023	1	92.000000
189.0	1300 0.983 1300 0.977 1300 0.983 1300 0.505 1200 0.987 1100 0.685 1100 0.997 1100 0.930 	1863.699265	1	316.000000
190.0	1300 0.978 1300 0.979 1300 0.989 1300 0.306 1200 0.983 1200 0.983 1200 0.983 1200 0.946 	1872.018580	0	0.000000
191.0	1300 0.978 1300 0.989 1300 0.991 1300 0.298 1200 0.968 1200 0.993 1200 0.988 1200 0.961 	1875.175582	0	0.000000
192.0	1300 0.971 1300 0.998 1300 0.999 1300 0.450 1200 0.889 1100 1.000 1100 0.972 1100 0.929 	1868.901822	1	82.000000
193.0	1300 0.970 1300 0.998 1300 0.987 1300 0.590 1100 0.955 1100 0.979 1000 0.950 1000 0.983 	1873.289068	1	3.000000
194.0	1300 0.991 1300 0.994 1300 0.985 1300 0.327 1200 0.955 1200 0.984 1200 0.967 1100 0.937 	1864.783332	0	0.000000
195.0	1300 0.961 1300 0.977 1300 0.983 1300 0.475 1200 0.941 1100 0.962 1100 0.971 1100 0.924 	1861.270721	0	0.000000
196.0	1300 0.958 1300 0.999 1300 0.971 1300 0.438 1200 0.952 1000 0.969 1000 0.956 900 0.896 	1779.895710	0	0.000000
197.0	1300 0.986 1300 0.996 1300 0.981 1300 0.379 1200 0.979 1200 0.969 1100 1.000 1100 0.870 	1860.939191	1	62.000000
198.0	1300 0.974 1300 0.975 1300 0.978 1300 0.442 1200 0.959 1200 0.975 1100 0.975 1100 0.971 	1878.468334	0	0.000000
199.0	1300 0.995 1300 0.995 1300 0.988 1300 0.442 1200 0.986 1100 0.963 1100 0.958 1100 0.926 	1876.172464	1	5.000000
200.0	1300 0.982 1300 0.982 1300 0.983 1300 0.454 1200 0.942 1100 0.988 1100 0.968 1100 0.959 	1868.892173	0	0.000000
201.0	1300 0.990 1300 0.981 1300 0.996 1300 0.450 1000 0.806 1000 1.000 1000 0.974 1000 0.851 	1760.399154	1	119.000000
202.0	1300 0.963 1300 0.997 1300 1.000 1300 0.361 1100 0.953 1100 0.892 1000 0.934 1000 0.922 	1762.336871	1	107.600000
203.0	1400 0.998 1400 0.978 1400 0.996 1300 0.956 1200 0.954 1000 1.000 900 0.983 900 0.917 	2083.492105	1	32.000000
204.0	1400 0.958 1400 0.991 1300 0.700 1300 0.941 1200 0.999 900 0.930 900 0.731 900 0.991 	1892.431758	2	703.000000
205.0	1500 0.986 1400 0.987 1400 0.989 1400 0.945 1200 0.928 1100 1.000 1000 0.997 1000 0.922 	2215.173234	1	13.000000
206.0	1300 0.977 1300 0.996 1300 0.975 1300 0.387 1200 0.993 1200 0.963 1200 0.910 1100 0.967 	1879.389209	0	0.000000
207.0	1300 0.979 1300 0.994 1300 0.974 1300 0.460 1200 0.985 1000 0.993 1000 0.964 1000 0.885 	1812.537913	0	0.000000
208.0	1300 0.974 1300 0.977 1300 0.975 1300 0.505 1100 0.980 1000 0.800 1000 1.000 1000 0.918 	1791.472462	1	153.000000
209.0	1400 0.981 1400 0.979 1300 0.998 1300 0.885 1000 0.990 900 0.953 900 1.000 900 0.938 	1976.273781	0	0.000000
210.0	1300 0.966 1300 0.997 1300 0.793 1300 0.976 1200 0.942 900 0.949 900 0.724 800 0.887 	1876.144551	2	536.750000
211.0	1300 0.968 1300 0.977 1300 0.990 1300 0.631 1100 0.955 1100 0.964 1100 0.985 1000 0.956 	1901.493128	0	0.000000
212.0	1300 0.985 1300 0.992 1300 0.993 1300 0.582 1200 0.799 1100 1.000 1100 0.905 1100 0.922 	1907.030662	1	161.000000
213.0	1400 0.967 1400 0.738 1400 1.000 1300 0.888 1100 0.962 900 0.971 900 0.726 900 0.997 	1889.376875	2	749.000000
214.0	1600 0.980 1300 0.993 1300 0.821 1300 0.948 1100 0.983 1000 0.980 1000 0.965 1000 0.919 	2121.504031	1	297.000000
215.0	1400 0.999 1300 0.989 1300 0.998 1300 0.973 1100 0.944 1000 0.997 1000 0.958 1000 0.920 	2049.298818	0	0.000000
216.0	1300 0.955 1300 0.982 1300 0.999 1300 0.438 1100 0.894 1100 1.000 1000 0.968 1000 0.932 	1793.528451	1	53.000000
217.0	1300 0.971 1300 0.991 1300 0.985 1300 0.446 1200 0.974 1200 0.978 1200 0.921 1200 0.922 	1919.398580	0	0.000000
218.0	1300 0.976 1300 0.992 1300 0.991 1300 0.527 1200 0.948 1100 0.989 1100 1.000 1100 0.855 	1898.991350	1	83.000000
219.0	1300 0.965 1300 0.994 1300 0.985 1300 0.247 1200 0.784 1100 1.000 1100 0.985 1100 0.901 	1756.502101	1	234.000000
220.0	1300 0.936 1300 1.000 1300 0.979 1300 0.972 1200 0.969 900 0.933 900 0.750 900 0.917 	1967.067554	2	294.000000
221.0	1300 0.979 1300 0.956 1300 0.981 1300 0.574 1200 0.936 1200 0.965 1200 0.962 1200 0.939 	1961.813531	0	0.000000
222.0	1300 0.944 1300 1.000 1300 0.994 1300 0.943 1100 0.980 1100 0.967 1000 0.995 1000 0.928 	2017.173909	1	72.000000
223.0	1300 0.961 1300 0.986 1300 0.975 1300 0.412 1200 0.763 1100 1.000 1100 0.955 1100 0.917 	1814.087135	1	237.000000
224.0	1300 0.971 1300 0.999 1300 0.974 1300 0.531 1200 0.991 1100 0.994 1100 1.000 1100 0.873 	1901.616382	1	76.000000
225.0	1400 0.973 1400 0.810 1400 1.000 1300 0.954 1200 0.967 900 0.961 900 0.952 800 0.917 	1963.912968	1	376.000000
226.0	1500 0.974 1300 0.991 1300 0.992 1300 0.475 1200 0.981 1100 0.987 1100 0.972 1100 0.946 	1987.690722	0	0.000000
227.0	1300 0.982 1300 0.987 1300 0.977 1300 0.391 1200 0.956 1200 0.984 1200 0.970 1200 0.964 	1904.942781	0	0.000000
228.0	1300 0.965 1300 0.986 1300 0.995 1300 0.412 1200 0.815 1200 1.000 1100 0.972 1100 0.945 	1856.171648	1	176.000000
229.0	1400 0.904 1400 1.000 1400 0.997 1400 0.889 1000 0.912 1000 1.000 1000 0.992 900 0.911 	2012.247385	2	187.000000
230.0	1300 0.986 1300 0.974 1300 0.991 1300 0.400 1100 0.973 1100 0.901 1100 1.000 1000 0.905 	1801.945384	1	92.000000
231.0	1300 0.977 1300 0.981 1300 0.992 1300 0.387 1200 0.914 1200 1.000 1200 0.996 1200 0.955 	1904.311440	1	93.000000
232.0	1400 0.896 1300 1.000 1300 0.997 1300 0.918 1200 0.974 1000 0.893 1000 1.000 900 0.892 	1990.175858	2	244.000000
233.0	1300 0.981 1300 0.998 1300 0.988 1300 0.375 1200 0.973 1200 0.985 1000 0.976 1000 0.927 	1827.518191	0	0.000000
234.0	1300 0.961 1300 1.000 1300 0.993 1300 0.937 1200 0.962 1000 0.995 900 0.996 900 0.949 	2002.870089	1	11.000000
235.0	1300 0.966 1300 0.975 1300 0.998 1300 0.531 1200 0.825 1200 1.000 1200 0.951 1200 0.993 	1948.957179	1	160.000000
236.0	1300 0.966 1300 0.990 1300 0.977 1300 0.298 1200 0.930 1200 0.965 1200 1.000 1100 0.865 	1827.828722	1	75.000000
237.0	1300 0.979 1300 0.985 1300 0.977 1300 0.420 1100 0.994 1000 0.947 1000 0.986 1000 0.919 	1774.050052	0	0.000000
238.0	1300 0.975 1300 0.995 1300 0.981 1300 0.948 1200 0.988 1000 0.913 1000 0.978 1000 0.912 	2019.893675	0	0.000000
239.0	1300 0.977 1300 0.996 1300 0.983 1300 0.438 1100 0.995 1100 0.746 1000 1.000 1000 0.940 	1789.809139	1	218.000000
240.0	1400 0.983 1400 0.714 1300 1.000 1300 0.944 1200 0.945 1100 0.990 1100 0.638 1100 0.998 	1981.575223	2	970.000000
241.0	1600 0.977 1400 0.995 1400 0.998 1300 0.966 1100 0.967 1000 0.969 800 0.804 800 0.950 	2179.864538	1	87.000000
242.0	1400 0.986 1300 0.999 1300 0.998 1300 0.944 1100 0.962 1000 0.964 900 0.997 900 0.883 	2013.997092	0	0.000000
243.0	1300 0.992 1300 0.978 1300 0.989 1300 0.471 1200 0.988 1200 0.977 1100 0.963 1100 0.975 	1908.089288	0	0.000000
244.0	1300 0.992 1300 0.992 1300 0.996 1300 0.375 1200 0.978 1200 0.875 1100 1.000 1100 0.956 	1863.930997	1	102.000000
245.0	1400 1.000 1300 0.998 1300 0.992 1300 0.952 1100 0.964 1000 0.971 900 0.774 900 0.948 	2010.389794	1	186.000000
246.0	1300 0.973 1300 0.986 1300 0.991 1300 0.963 1100 0.955 1100 0.955 1100 0.976 1000 0.943 	2046.297696	0	0.000000
247.0	1300 0.990 1300 0.996 1300 0.971 1300 0.450 1200 0.988 1200 0.987 1200 0.959 1200 0.951 	1936.470888	0	0.000000
248.0	1300 0.968 1300 0.980 1300 0.975 1300 0.426 1200 0.970 1200 0.942 1200 0.965 1100 0.897 	1879.314673	0	0.000000
249.0	1300 0.959 1300 1.000 1300 0.996 1300 0.841 1100 0.972 1000 0.972 900 0.981 900 0.907 	1937.676231	1	17.000000
250.0	1300 0.977 1300 0.982 1300 0.995 1300 0.452 1200 0.940 1100 1.000 1000 0.955 900 0.942 	1820.738964	1	45.000000
251.0	1300 0.970 1300 0.977 1300 0.985 1300 0.458 1100 0.966 1100 0.926 1000 0.962 1000 0.898 	1796.818799	0	0.000000
252.0	1300 0.978 1300 0.990 1300 0.973 1300 0.250 1100 0.957 1100 0.990 1000 0.970 1000 0.918 	1720.034748	0	0.000000
253.0	1300 0.988 1300 0.975 1300 0.988 1300 0.383 1100 0.949 1100 0.990 1100 0.977 1100 0.933 	1820.025516	0	0.000000
254.0	1300 0.979 1300 0.986 1300 0.979 1300 0.471 1100 0.916 1100 1.000 1100 0.963 1100 0.938 	1851.733608	1	23.000000
255.0	1400 0.978 1400 0.762 1300 1.000 1300 0.907 1000 0.963 1000 0.984 1000 0.970 900 1.000 	1911.312888	1	480.000000
256.0	1500 0.991 1300 0.984 1300 0.986 1300 0.349 1100 0.964 1100 0.985 1100 0.979 1000 0.919 	1894.378623	0	0.000000
257.0	1300 0.995 1300 0.979 1300 0.993 1300 0.897 1200 0.955 1000 1.000 1000 0.984 900 0.904 	1998.672276	1	15.000000
258.0	1300 0.979 1300 0.997 1300 0.983 1300 0.446 1200 0.998 1200 0.976 1200 0.977 1200 0.921 	1934.497515	1	17.000000
259.0	1300 0.962 1300 0.982 1300 0.993 1300 0.479 1200 0.991 1100 0.987 1100 0.955 1000 0.987 	1863.675578	0	0.000000
260.0	1300 0.975 1300 0.983 1300 0.986 1300 0.527 1200 0.956 1200 1.000 1100 0.653 1100 0.985 	1893.012444	1	288.000000
261.0	1400 0.981 1400 0.978 1300 0.984 1300 0.963 1100 0.963 1100 0.977 1100 0.726 1000 0.956 	2066.922809	1	254.600000
262.0	1300 0.992 1300 0.976 1300 0.975 1300 0.349 1200 0.979 1200 0.962 1100 1.000 1100 0.778 	1829.541848	1	102.000000
263.0	1300 0.965 1300 0.994 1300 0.992 1300 0.531 1100 0.999 1000 0.974 1000 0.930 1000 0.936 	1825.159066	0	0.000000
264.0	1300 0.959 1300 0.997 1300 0.992 1300 0.302 1200 0.967 1100 0.960 1000 0.991 1000 0.930 	1766.472527	0	0.000000
265.0	1300 0.979 1300 0.986 1300 0.976 1300 0.467 1200 0.964 1200 0.954 1200 0.979 1100 0.902 	1907.531395	0	0.000000
266.0	1300 0.984 1300 0.975 1300 0.972 1300 0.379 1100 0.948 1100 0.864 1100 1.000 1100 0.910 	1796.186681	1	102.000000
267.0	1300 0.970 1300 0.999 1300 0.995 1300 0.493 1200 0.947 1100 0.988 1100 0.985 1000 0.936 	1874.727726	0	0.000000
268.0	1300 0.992 1300 1.000 1300 0.996 1300 0.442 1100 0.980 1100 0.976 1100 0.947 1100 0.950 	1861.307149	1	12.000000
269.0	1300 0.976 1300 0.981 1300 0.974 1300 0.446 1200 0.973 1200 0.731 1200 1.000 1200 0.962 	1896.391578	1	290.000000
270.0	1400 0.989 1400 0.986 1300 0.998 1300 0.919 1100 0.926 1100 0.964 1000 0.749 1000 0.901 	2039.205427	1	220.000000
271.0	1400 0.968 1400 0.977 1300 0.999 1300 0.933 1200 0.938 1100 1.000 1100 0.974 1000 0.964 	2099.801631	1	43.000000
272.0	1300 0.984 1300 0.997 1300 0.980 1300 0.531 1200 0.989 1200 0.723 1200 1.000 1100 0.921 	1921.995648	1	258.000000
273.0	1400 0.987 1400 0.978 1300 0.978 1300 0.901 1200 0.997 1000 0.972 1000 0.760 900 0.990 	2025.200796	1	231.000000
274.0	1300 0.951 1300 0.979 1300 0.991 1300 0.394 1200 0.964 1200 0.997 1200 0.976 1100 0.966 	1879.519794	0	0.000000
275.0	1300 0.983 1300 0.984 1300 0.978 1300 0.280 1200 0.967 1200 0.705 1200 0.962 1100 0.948 	1801.092254	1	319.000000
276.0	1400 0.955 1400 0.762 1300 1.000 1300 0.929 1100 0.973 1000 0.965 900 0.961 800 0.879 	1890.566853	1	461.000000
277.0	1600 0.984 1300 0.980 1300 0.974 1300 0.475 1200 0.965 1100 0.959 1100 1.000 1100 0.818 	2048.296818	1	108.000000
278.0	1300 0.978 1300 0.988 1300 0.975 1300 0.420 1200 0.972 1200 0.673 1200 0.993 1200 0.898 	1873.769724	1	346.000000
279.0	1300 0.964 1300 0.986 1300 0.977 1300 0.653 1100 0.979 1100 0.807 1100 0.956 1000 0.968 	1891.302779	1	198.000000
280.0	1300 0.963 1300 0.985 1300 0.998 1300 0.375 1100 0.975 1100 0.940 1000 0.995 1000 0.979 	1779.185507	0	0.000000
281.0	1300 0.977 1300 0.987 1300 0.988 1300 0.408 1000 0.956 1000 0.956 1000 0.935 900 0.952 	1739.564156	0	0.000000
282.0	1400 0.986 1400 0.786 1300 1.000 1300 0.908 1100 0.942 900 0.953 900 0.805 800 0.973 	1885.289129	2	582.250000
283.0	1500 0.989 1300 0.975 1300 0.985 1300 0.467 1200 0.966 1200 0.997 1100 0.972 1100 0.977 	2005.895687	0	0.000000
284.0	1400 0.994 1300 0.998 1300 0.990 1300 0.960 1000 0.883 1000 1.000 900 0.956 900 0.923 	1997.914850	1	75.000000
285.0	1300 0.972 1300 0.994 1300 1.000 1300 0.310 1200 0.959 1200 0.939 1100 0.958 1100 0.953 	1830.991486	0	0.000000
286.0	1300 0.970 1300 0.983 1300 0.993 1300 0.527 1200 0.981 1200 0.996 1200 0.945 1100 0.976 	1945.544350	0	0.000000
287.0	1300 0.964 1300 0.990 1300 0.973 1300 0.339 1200 0.993 1100 0.763 1000 0.994 1000 0.940 	1756.842207	1	238.400000
288.0	1300 0.990 1300 0.988 1300 0.993 1300 0.467 1100 0.987 1100 0.988 1100 0.974 1000 0.954 	1851.603155	0	0.000000
289.0	1300 0.965 1300 0.999 1300 0.988 1300 0.467 1100 0.977 1100 0.968 1100 0.964 1000 0.935 	1837.210792	0	0.000000
290.0	1400 0.965 1300 0.769 1300 1.000 1300 0.951 1200 0.987 900 0.964 900 0.980 900 0.890 	1921.975835	1	443.000000
291.0	1500 0.996 1300 0.987 1300 0.980 1300 0.434 1100 0.964 1100 0.968 1100 0.997 1100 0.917 	1949.817585	0	0.000000
292.0	1300 0.967 1300 0.976 1300 0.981 1300 0.582 1200 0.966 1200 0.855 1200 1.000 1100 0.862 	1935.829896	1	103.000000
293.0	1400 0.890 1400 1.000 1400 0.999 1300 0.943 1000 0.992 1000 0.952 1000 0.852 900 0.898 	1999.327966	2	285.777778
294.0	1300 0.988 1300 0.988 1300 0.999 1300 0.467 1200 0.988 1200 0.832 1200 1.000 1200 0.938 	1935.747155	1	189.000000
295.0	1400 0.981 1400 0.981 1300 0.975 1300 0.929 1100 0.950 1000 0.996 900 0.722 800 1.000 	1979.624379	1	210.000000
296.0	1300 0.962 1300 0.988 1300 0.986 1300 0.442 1200 0.957 1200 1.000 1200 0.961 1200 0.913 	1917.258107	1	16.000000
297.0	1300 0.962 1300 0.998 1300 0.976 1300 0.298 1200 0.932 1100 0.996 1100 0.891 1100 0.935 	1787.001974	1	99.000000
298.0	1300 0.977 1300 0.992 1300 0.990 1300 0.915 1100 0.991 1000 0.969 1000 0.983 1000 0.979 	1999.906893	0	0.000000
299.0	1300 0.986 1300 0.981 1300 0.986 1300 0.361 1200 0.995 1200 0.967 1100 1.000 1100 0.787 	1842.196468	1	155.000000
300.0	1300 0.977 1300 0.978 1300 0.999 1300 0.527 1200 0.957 1200 0.985 1100 0.938 1100 0.912 	1917.664083	1	46.000000
301.0	1400 0.996 1400 0.990 1300 0.977 1300 0.887 1100 0.933 1000 0.953 1000 0.600 1000 1.000 	1997.474756	1	388.000000
302.0	1300 0.983 1300 0.980 1300 0.990 1300 0.669 1200 0.931 1200 1.000 1200 0.972 1200 0.905 	2018.546830	1	35.000000
303.0	1300 0.976 1300 0.988 1300 0.995 1300 0.404 1200 0.848 1200 1.000 1200 0.972 1100 0.955 	1884.258150	1	136.000000
304.0	1300 0.970 1300 1.000 1300 1.000 1300 0.398 1200 0.978 1200 0.974 1200 0.793 1100 0.986 	1880.438750	1	192.636364
305.0	1300 0.979 1300 0.996 1300 0.980 1300 0.306 1100 0.966 1000 0.997 1000 0.980 1000 0.942 	1734.476040	0	0.000000
306.0	1300 0.975 1300 0.977 1300 0.976 1300 0.383 1200 0.950 1100 0.986 1100 0.992 1000 0.961 	1814.980500	0	0.000000
307.0	1300 0.978 1300 0.986 1300 0.983 1300 0.442 1200 0.968 1100 0.960 1100 0.950 1100 0.976 	1864.149222	0	0.000000
308.0	1300 0.982 1300 0.999 1300 0.984 1300 0.276 1000 0.976 1000 0.951 1000 0.967 1000 0.948 	1702.652351	1	32.000000
309.0	1300 0.963 1300 1.000 1300 0.983 1300 0.556 1100 0.962 1100 0.885 1100 1.000 1100 0.880 	1879.352365	1	60.000000
310.0	1300 0.975 1300 0.981 1300 0.997 1300 0.353 1200 0.973 1200 0.996 1200 0.979 1100 0.925 	1872.378497	0	0.000000
311.0	1300 0.984 1300 0.998 1300 0.995 1300 0.331 1200 0.999 1200 0.978 1100 0.954 1100 0.961 	1854.961239	0	0.000000
312.0	1300 0.964 1300 0.977 1300 0.995 1300 0.471 1200 0.979 1100 0.955 1100 0.969 1100 0.884 	1865.710321	0	0.000000
313.0	1300 0.991 1300 0.992 1300 0.993 1300 0.442 1100 0.930 1100 0.986 1100 0.968 1100 0.952 	1854.542180	0	0.000000
314.0	1300 0.977 1300 0.996 1300 0.982 1300 0.400 1200 0.849 1200 1.000 1100 0.959 1100 0.945 	1858.247768	1	149.000000
315.0	1300 0.985 1300 1.000 1300 0.999 1300 0.505 1200 0.973 1100 0.985 1100 0.942 1100 0.957 	1907.710482	0	0.000000
316.0	1300 0.967 1300 0.995 1300 0.974 1300 0.505 1200 0.978 1200 0.923 1200 0.972 1100 0.919 	1919.818316	0	0.000000
317.0	1300 0.987 1300 1.000 1300 0.989 1300 0.464 1200 0.976 1100 0.929 1100 1.000 1100 0.898 	1880.890294	1	1.000000
318.0	1300 0.994 1300 0.983 1300 0.999 1300 0.416 1100 0.996 1100 0.915 1100 0.971 1000 0.889 	1818.742241	0	0.000000
319.0	1400 0.984 1400 0.810 1300 1.000 1300 0.888 1200 0.985 1000 0.981 900 0.993 900 0.931 	1955.201304	1	395.000000
320.0	1600 0.979 1300 0.986 1300 0.985 1300 0.375 1100 0.958 1100 0.960 1100 0.942 1000 0.941 	1976.442374	0	0.000000
321.0	1300 0.965 1300 1.000 1300 0.977 1300 0.934 1200 0.987 1000 0.790 900 1.000 900 0.887 	1978.849093	2	183.000000
322.0	1400 0.978 1400 0.984 1300 0.996 1300 0.927 1000 0.977 1000 0.946 1000 0.952 1000 0.917 	2018.746989	0	0.000000
323.0	1300 0.960 1300 0.977 1300 0.998 1300 0.479 1200 0.961 1200 0.998 1100 0.993 1100 0.882 	1893.842797	0	0.000000
324.0	1300 0.978 1300 0.976 1300 0.998 1300 0.272 1200 0.983 1100 0.996 1100 0.962 1000 0.966 	1780.310569	0	0.000000
325.0	1300 0.984 1300 0.981 1300 0.974 1300 0.475 1100 0.955 1100 0.967 1100 0.993 1100 0.933 	1853.889749	0	0.000000
326.0	1300 0.965 1300 0.996 1300 0.977 1300 0.221 1200 0.982 1100 0.968 1100 0.605 1100 0.941 	1729.462731	1	415.000000
327.0	1300 0.975 1300 0.997 1300 0.991 1300 0.882 1100 0.921 1000 0.952 900 0.780 900 0.998 	1944.042575	1	186.000000
328.0	1300 0.971 1300 0.982 1300 0.972 1300 0.475 1200 0.987 1100 0.989 1100 0.991 1100 0.951 	1876.032571	0	0.000000
329.0	1300 0.994 1300 0.997 1300 0.995 1300 0.945 1100 0.945 900 0.967 900 0.826 900 0.897 	1969.916190	1	139.000000
330.0	1300 0.965 1300 0.997 1300 0.971 1300 0.400 1100 0.953 1000 1.000 1000 0.975 1000 0.896 	1759.807775	0	0.000000
331.0	1300 0.973 1300 0.987 1300 0.982 1300 0.383 1100 0.955 1100 0.965 1100 0.924 1000 0.911 	1788.226860	1	21.100000
332.0	1300 0.971 1300 0.990 1300 0.991 1300 0.475 1200 0.944 1200 0.975 1100 0.986 1100 0.916 	1897.507334	0	0.000000
333.0	1300 0.967 1300 0.985 1300 0.993 1300 0.428 1100 0.954 1100 0.965 1100 0.964 1000 0.989 	1819.185424	0	0.000000
334.0	1300 0.990 1300 0.981 1300 0.998 1300 0.941 1000 0.954 1000 0.924 1000 0.956 1000 0.946 	1983.335266	0	0.000000
335.0	1300 0.982 1300 0.996 1300 0.692 0 0.000 1200 0.977 1200 0.975 1200 0.977 1200 0.959 	1622.249487	0	0.000000
336.0	1400 0.877 1300 1.000 1300 0.982 1300 0.975 1200 0.975 1100 1.000 1000 0.969 1000 0.983 	2043.270128	1	205.000000
337.0	1400 0.968 1400 0.991 1400 0.996 1300 0.947 1000 0.952 1000 0.977 900 0.710 900 0.901 	2010.246391	1	235.000000
338.0	1300 0.966 1300 0.978 1300 0.983 1300 0.467 1200 0.972 1200 0.956 1200 0.986 1200 0.910 	1923.535148	0	0.000000
339.0	1300 0.978 1300 0.991 1300 0.979 1300 0.404 1200 0.966 1200 0.908 1200 1.000 1200 0.892 	1898.531203	1	74.000000
340.0	1400 0.978 1400 0.810 1300 1.000 1300 0.929 1100 0.817 1000 1.000 1000 0.996 1000 0.892 	1951.862071	2	545.000000
341.0	1600 0.990 1300 0.990 1300 0.975 1300 0.323 1000 0.936 1000 1.000 1000 0.961 1000 0.945 	1904.866966	1	31.000000
342.0	1300 0.977 1300 0.981 1300 0.988 1300 0.871 1100 0.959 1000 0.783 1000 1.000 900 0.932 	1943.822583	1	170.000000
343.0	1300 0.983 1300 0.998 1300 0.979 1300 0.454 1200 0.909 1200 1.000 1200 0.964 1200 0.948 	1931.649507	1	80.000000
344.0	1300 0.961 1300 0.995 1300 0.988 1300 0.310 1200 0.939 1200 0.967 1200 0.969 1200 0.923 	1860.231775	0	0.000000
345.0	1300 0.979 1300 0.987 1300 0.992 1300 0.467 1200 0.932 1100 0.882 1100 0.982 1000 0.909 	1845.542177	1	125.000000
346.0	1300 0.985 1300 0.977 1300 0.986 1300 0.446 1200 0.988 1200 0.973 1200 0.974 1200 0.918 	1927.206884	0	0.000000
347.0	1300 0.990 1300 0.988 1300 0.999 1300 0.471 1200 0.938 1200 0.723 1100 0.985 1100 0.963 	1879.272439	1	302.545455
348.0	1300 0.982 1300 0.993 1300 0.989 1300 0.434 1200 0.976 1200 0.974 1100 0.962 1100 0.934 	1887.838553	0	0.000000
349.0	1300 0.978 1300 1.000 1300 0.992 1300 0.434 1200 0.969 1200 0.942 1200 0.980 1200 0.941 	1928.781795	0	0.000000
350.0	1300 0.964 1300 0.994 1300 0.978 1300 0.442 1200 0.975 1100 0.682 1100 1.000 1100 0.899 	1829.303025	1	338.000000
351.0	1300 0.989 1300 0.976 1300 0.988 1300 0.339 1100 0.966 1100 0.995 1000 0.988 1000 0.944 	1768.246086	0	0.000000
352.0	1300 0.971 1300 1.000 1300 0.995 1300 0.335 1200 0.984 1100 0.975 1100 0.984 1100 0.940 	1830.282044	0	0.000000
353.0	1300 0.981 1300 0.982 1300 0.988 1300 0.450 1100 0.981 1100 0.966 1100 0.955 1000 0.902 	1826.051169	0	0.000000
354.0	1300 0.958 1300 0.990 1300 0.984 1300 0.552 1200 0.967 1100 0.919 1100 0.988 1000 0.940 	1881.997020	1	84.000000
355.0	1300 0.986 1300 0.978 1300 0.985 1300 0.527 1200 0.987 1200 0.993 1200 0.963 1100 0.973 	1949.033296	0	0.000000
356.0	1300 0.991 1300 0.999 1300 0.978 1300 0.420 1200 0.906 1200 1.000 1200 0.907 1100 0.998 	1898.225252	1	96.000000
357.0	1300 0.971 1300 0.995 1300 0.973 1300 0.487 1100 0.967 1000 0.991 1000 0.968 900 0.988 	1796.549602	0	0.000000
358.0	1300 0.991 1300 0.996 1300 0.993 1300 0.272 1200 0.951 1100 0.727 1100 1.000 1100 0.858 	1773.395329	1	294.000000
359.0	1300 0.985 1300 0.993 1300 0.979 1300 0.527 1200 0.829 1200 1.000 1200 0.936 1100 0.973 	1930.880613	1	183.000000
360.0	1300 0.968 1300 0.993 1300 0.973 1300 0.310 1100 0.945 1100 1.000 1100 0.934 1000 0.978 	1762.935314	1	26.000000
361.0	1300 0.979 1300 0.988 1300 0.979 1300 0.404 1200 0.829 1200 1.000 1100 0.991 1100 0.966 	1859.177375	1	166.000000
362.0	1300 0.988 1300 0.987 1300 0.990 1300 0.467 1100 0.949 1000 0.967 1000 0.876 1000 0.925 	1792.859930	1	112.000000
363.0	1300 0.970 1300 0.979 1300 0.974 1300 0.375 1200 0.991 1200 0.976 1100 0.937 1100 0.933 	1844.919744	0	0.000000
364.0	1300 0.978 1300 0.992 1300 0.992 1300 0.361 1100 0.993 1000 0.942 1000 0.967 1000 0.919 	1755.861379	0	0.000000
365.0	1300 0.972 1300 1.000 1300 0.984 1300 0.310 1200 0.998 1100 0.985 1100 0.960 1000 0.886 	1792.096497	0	0.000000
366.0	1300 0.971 1300 0.986 1300 0.998 1300 0.434 1200 0.933 1200 0.991 1200 0.911 1200 0.914 	1911.708521	1	106.000000
367.0	1300 0.990 1300 0.981 1300 0.992 1300 0.848 1100 0.943 1000 0.985 1000 0.975 1000 0.999 	1969.610020	0	0.000000
368.0	1300 0.990 1300 0.986 1300 0.974 1300 0.519 1200 0.987 1200 0.999 1200 0.986 1100 0.888 	1940.842451	0	0.000000
369.0	1300 0.951 1300 0.991 1300 0.990 1300 0.531 1200 0.943 1200 0.962 1200 0.999 1100 0.964 	1937.770443	0	0.000000
370.0	1300 0.986 1300 0.985 1300 1.000 1300 0.578 1200 0.981 1100 0.953 1000 0.928 1000 0.927 	1888.785988	1	54.000000
371.0	1400 0.980 1300 0.999 1300 0.983 1300 0.931 1100 0.984 900 0.950 900 0.956 900 0.991 	1994.682593	0	0.000000
372.0	1300 0.998 1300 0.975 1300 0.982 1300 0.327 1200 0.924 1200 1.000 1100 0.968 1100 0.915 	1834.232396	1	24.000000
373.0	1300 0.980 1300 0.979 1300 0.973 1300 0.479 1200 0.924 1200 0.967 1100 0.970 1100 0.971 	1890.996674	0	0.000000
374.0	1300 0.989 1300 0.995 1300 0.975 1300 0.479 1200 0.963 1200 0.983 1200 0.977 1100 0.978 	1931.399493	0	0.000000
375.0	1400 0.966 1400 0.810 1300 1.000 1300 0.917 1100 0.975 1000 0.975 900 0.950 900 0.971 	1937.116959	1	369.000000
376.0	1400 0.994 1300 0.958 1300 0.991 1300 0.511 1100 0.976 1100 0.956 1100 0.986 1100 0.984 	1899.800481	0	0.000000
377.0	1300 0.976 1300 0.994 1300 0.987 1300 0.930 1200 0.938 1000 1.000 1000 0.959 900 0.912 	2004.641260	1	39.000000
378.0	1300 0.987 1300 0.980 1300 0.983 1300 0.735 1200 0.990 1000 0.978 900 0.990 900 0.958 	1917.723744	1	25.000000
379.0	1300 0.973 1300 0.993 1300 0.998 1300 0.349 1200 0.989 1100 0.682 1100 1.000 1100 0.892 	1802.601922	1	329.000000
380.0	1300 0.974 1300 0.978 1300 0.987 1300 0.361 1200 0.979 1200 0.982 1100 0.955 1100 0.941 	1847.669853	0	0.000000
381.0	1300 0.983 1300 0.996 1300 0.995 1300 0.450 1200 0.940 1200 0.987 1100 0.987 1100 0.924 	1897.605392	0	0.000000
382.0	1300 0.990 1300 0.985 1300 0.978 1300 0.412 1000 0.999 1000 0.951 1000 0.954 1000 0.970 	1758.013795	0	0.000000
383.0	1300 0.981 1300 0.989 1300 1.000 1300 0.404 1100 0.937 1000 0.989 1000 0.983 900 0.950 	1769.348464	0	0.000000
384.0	1300 0.987 1300 0.998 1300 0.988 1300 0.523 1200 0.961 1200 0.961 1200 0.965 1100 0.941 	1947.608508	0	0.000000
385.0	1300 0.959 1300 0.985 1300 0.971 1300 0.475 1200 0.971 1200 0.978 1100 0.961 1100 0.921 	1883.247647	0	0.000000
386.0	1400 0.998 1300 0.996 1300 0.998 1300 0.941 1200 0.965 900 0.908 900 1.000 900 0.943 	2027.492088	1	10.000000
387.0	1300 0.964 1300 0.996 1300 0.999 1300 0.361 1200 0.942 1200 1.000 1200 0.967 1200 0.939 	1895.307239	1	3.000000
388.0	1300 0.972 1300 0.993 1300 0.975 1300 0.442 1200 0.973 1100 0.997 1100 0.947 1000 0.892 	1839.170257	0	0.000000
389.0	1400 0.964 1300 0.795 1300 1.000 1300 0.907 1000 0.938 1000 1.000 1000 0.952 1000 0.936 	1905.014495	2	421.000000
390.0	1500 0.981 1300 0.986 1300 0.996 1300 0.578 1200 0.945 1100 0.985 1100 0.972 1100 0.919 	2027.383766	0	0.000000
391.0	1300 0.971 1300 0.984 1300 0.795 0 0.000 1200 0.985 1200 0.989 1200 0.973 1200 0.866 	1646.890513	0	0.000000
392.0	1300 0.955 1300 0.983 1300 0.991 1300 0.467 1100 0.952 1100 0.989 1000 0.988 1000 0.942 	1809.949711	0	0.000000
393.0	1300 0.989 1300 0.976 1300 0.974 1300 0.475 1200 0.998 1200 0.938 1200 0.990 1200 0.882 	1930.301637	0	0.000000
394.0	1400 0.890 1300 1.000 1300 0.996 1300 0.949 1000 0.904 1000 1.000 900 0.959 900 0.969 	1954.552704	2	185.000000
395.0	1400 0.971 1300 0.978 1300 0.991 1300 0.446 1200 0.972 1100 0.999 1100 0.973 1100 0.945 	1889.153079	0	0.000000
396.0	1300 0.958 1300 0.983 1300 0.986 1300 0.531 1200 0.969 1200 0.991 1200 0.998 1100 0.903 	1936.156215	0	0.000000
397.0	1300 0.989 1300 0.979 1300 0.991 1300 0.349 1200 0.953 1200 0.792 1200 1.000 1200 0.914 	1866.188659	1	207.000000
398.0	1400 0.989 1300 0.984 1300 0.987 1300 0.901 1000 0.958 1000 0.967 1000 0.992 900 0.980 	1983.813553	0	0.000000
399.0	1300 0.975 1300 0.989 1300 0.974 1300 0.404 1200 0.968 1200 0.931 1000 1.000 900 0.971 	1815.843136	1	18.000000
400.0	1400 0.991 1400 0.999 1300 0.981 1300 0.899 1200 0.989 900 0.954 900 0.922 800 0.959 	2005.113514	0	0.000000
401.0	1300 0.991 1300 0.990 1300 0.993 1300 0.489 1200 0.973 1200 0.982 1100 0.987 1100 0.982 	1924.003898	0	0.000000
402.0	1300 0.999 1300 0.975 1300 0.846 0 0.000 1200 0.815 1200 1.000 1200 0.938 1200 0.967 	1665.420000	1	192.000000
403.0	1300 0.964 1300 0.984 1300 0.978 1300 0.623 1100 0.984 1100 0.835 1000 1.000 1000 0.917 	1861.837889	1	140.000000
404.0	1300 0.954 1300 0.846 1300 1.000 1300 0.929 1100 0.975 900 0.947 900 0.796 900 0.982 	1889.206071	2	414.000000
405.0	1400 0.977 1300 0.983 1300 0.976 1300 0.391 1200 0.972 1100 0.914 1100 0.985 1100 0.915 	1852.996971	0	0.000000
406.0	1300 0.990 1300 0.994 1300 0.997 1300 0.950 1200 0.971 1000 0.979 900 0.954 900 0.978 	2019.350393	0	0.000000
407.0	1300 0.951 1300 0.993 1300 0.985 1300 0.527 1200 0.939 1200 1.000 1100 0.961 1100 0.890 	1906.751664	1	45.000000
408.0	1300 0.973 1300 0.846 1300 1.000 1300 0.943 1100 0.995 1000 0.990 900 0.962 900 0.903 	1925.215585	1	275.000000
409.0	1400 0.997 1300 0.963 1300 0.980 1300 0.556 1100 0.962 1100 0.988 1100 0.985 1000 0.900 	1892.912376	0	0.000000
410.0	1300 0.970 1300 0.995 1300 0.986 1300 0.349 1200 0.967 1200 0.984 1200 0.970 1100 0.889 	1863.129204	0	0.000000
411.0	1300 0.970 1300 0.981 1300 0.998 1300 0.331 1200 0.933 1100 0.985 1100 0.961 1100 0.954 	1814.798632	0	0.000000
412.0	1300 0.976 1300 0.975 1300 0.976 1300 0.434 1200 0.955 1200 0.981 1200 0.945 1100 0.931 	1888.450204	0	0.000000
413.0	1400 0.965 1400 0.786 1300 1.000 1300 0.944 1000 0.975 1000 0.957 1000 0.688 1000 0.962 	1914.933106	2	731.000000
414.0	1600 0.976 1300 0.998 1300 0.971 1300 0.527 1200 0.904 1200 1.000 1200 0.988 1100 0.906 	2117.673073	1	97.000000
415.0	1400 0.893 1400 1.000 1400 0.996 1300 0.916 1200 0.987 1000 0.952 900 0.993 900 0.992 	2035.684431	1	188.000000
416.0	1400 0.980 1300 0.978 1300 0.999 1300 0.335 1200 0.974 1000 0.988 1000 0.981 900 0.841 	1773.076363	0	0.000000
417.0	1300 0.967 1300 1.000 1300 0.978 1300 0.353 1200 0.983 1200 0.727 1200 0.983 1100 0.932 	1838.124176	1	266.000000
418.0	1400 0.988 1300 0.978 1300 0.995 1300 0.914 1000 0.997 1000 0.943 1000 0.952 900 0.977 	1987.290173	0	0.000000
419.0	1300 0.968 1300 0.985 1300 0.989 1300 0.430 1000 0.982 1000 0.960 1000 0.953 1000 0.894 	1754.176034	0	0.000000
420.0	1300 0.998 1300 0.999 1300 0.978 1300 0.888 1100 0.975 1100 1.000 1000 0.964 1000 0.893 	2007.423015	0	0.000000
421.0	1400 0.972 1400 0.998 1400 0.976 1300 0.925 1200 0.998 900 0.886 900 1.000 900 0.938 	2047.690268	1	62.000000
422.0	1300 0.985 1300 0.977 1300 0.981 1300 0.442 1200 0.975 1100 0.991 1100 0.965 1100 0.890 	1859.347341	0	0.000000
423.0	1300 0.979 1300 0.988 1300 0.980 1300 0.298 1200 0.998 1200 0.971 1100 0.907 1100 0.935 	1819.223947	1	81.000000
424.0	1400 0.897 1400 1.000 1400 0.993 1300 0.928 1100 0.971 900 0.951 900 0.957 800 0.882 	1979.513233	1	167.000000
425.0	1400 0.985 1300 0.990 1300 0.981 1300 0.272 1200 0.994 1200 0.990 1200 0.937 1200 0.938 	1879.658656	0	0.000000
426.0	1300 0.986 1300 0.994 1300 0.795 0 0.000 1200 0.790 1200 1.000 1200 0.922 1100 0.971 	1621.223893	1	222.000000
427.0	1300 0.986 1300 0.979 1300 0.999 1300 0.513 1200 0.911 1100 1.000 1100 0.994 1100 0.973 	1902.838591	1	94.000000
428.0	1300 0.991 1300 0.995 1300 0.986 1300 0.641 1100 0.965 1100 0.961 1100 0.980 1000 0.858 	1913.436528	0	0.000000
429.0	1300 0.971 1300 0.981 1300 0.999 1300 0.446 1200 0.965 1100 0.872 1100 0.990 1100 0.986 	1863.306751	1	94.000000
430.0	1300 0.975 1300 0.986 1300 0.995 1300 0.420 1200 0.960 1200 0.989 1200 0.898 1100 0.961 	1893.781422	1	14.090909
431.0	1300 0.973 1300 0.977 1300 0.980 1300 0.467 1200 0.970 1200 0.973 1200 0.973 1100 0.900 	1905.194562	0	0.000000
432.0	1300 0.976 1300 1.000 1300 0.986 1300 0.391 1000 0.931 1000 0.972 1000 0.980 1000 0.930 	1747.880696	0	0.000000
433.0	1400 0.983 1400 0.978 1300 0.993 1300 0.957 1200 0.980 900 0.917 800 0.986 800 0.892 	1998.726439	0	0.000000
434.0	1300 0.983 1300 0.987 1300 0.997 1300 0.485 1100 0.948 1100 0.981 1100 0.973 1000 0.874 	1845.210930	0	0.000000
435.0	1400 0.893 1400 1.000 1400 1.000 1400 0.894 1000 0.872 1000 1.000 900 0.966 900 0.990 	2000.538637	2	258.000000
436.0	1400 0.975 1300 0.983 1300 0.992 1300 0.475 1200 0.966 1200 0.998 1100 0.975 1100 0.938 	1925.311366	0	0.000000
437.0	1300 0.979 1300 0.998 1300 0.984 1300 0.383 1200 0.985 1200 1.000 1100 0.659 1100 0.931 	1837.622821	1	283.000000
438.0	1400 0.901 1300 1.000 1300 0.996 1300 0.938 1000 0.948 1000 0.750 1000 1.000 900 0.948 	1950.703918	2	412.000000
439.0	1400 0.973 1300 0.999 1300 0.997 1300 0.434 1100 0.927 1100 0.957 1100 0.983 1100 0.955 	1869.450981	0	0.000000
440.0	1300 0.964 1300 0.985 1300 0.994 1300 0.497 1200 0.979 1100 0.959 1100 0.984 1100 0.950 	1887.961225	0	0.000000
441.0	1300 0.983 1300 0.981 1300 0.977 1300 0.349 1200 0.999 1200 0.835 1200 0.964 1100 0.934 	1847.608885	1	154.000000
442.0	1300 0.971 1300 0.976 1300 0.976 1300 0.523 1200 0.960 1200 0.968 1100 0.963 1100 0.949 	1907.232835	0	0.000000
443.0	1400 0.998 1400 0.997 1300 0.987 1300 0.926 1100 0.942 900 0.958 900 0.994 900 0.962 	2021.298177	0	0.000000
444.0	1300 0.971 1300 0.997 1300 0.978 1300 0.467 1200 0.859 1200 1.000 1200 0.996 1200 0.961 	1930.808264	1	124.000000
445.0	1300 0.982 1300 0.983 1300 0.986 1300 0.586 1000 0.983 1000 0.971 1000 0.978 900 0.966 	1823.057933	0	0.000000
446.0	1300 0.963 1300 0.993 1300 0.999 1300 0.471 1100 0.900 1100 1.000 1000 0.980 1000 0.915 	1816.188511	1	73.000000
447.0	1300 0.976 1300 0.988 1300 0.989 1300 0.408 1200 0.960 1100 0.908 1100 1.000 1000 0.855 	1821.756209	1	93.000000
448.0	1300 0.977 1300 0.991 1300 0.984 1300 0.349 1200 0.801 1100 1.000 1100 0.964 1100 0.934 	1807.395126	1	171.000000
449.0	1300 0.975 1300 0.986 1300 0.994 1300 0.357 1200 0.813 1200 1.000 1200 0.967 1200 0.944 	1875.745523	1	200.000000
450.0	1400 0.988 1400 0.990 1400 0.994 1400 0.973 1100 0.970 1000 0.954 900 0.946 900 0.932 	2089.401890	0	0.000000
451.0	1300 0.962 1300 0.975 1300 0.986 1300 0.438 1200 0.904 1200 1.000 1200 0.960 1200 0.902 	1901.717022	1	68.000000
452.0	1300 0.987 1300 0.987 1300 0.821 0 0.000 1200 0.758 1100 1.000 1100 0.886 1100 0.889 	1573.315408	1	216.000000
453.0	1300 0.959 1300 0.999 1300 0.991 1300 0.501 1200 0.963 1200 0.982 1200 0.977 1100 0.935 	1931.561088	0	0.000000
454.0	1300 0.963 1300 0.975 1300 0.983 1300 0.446 1100 0.969 1100 0.951 1100 0.969 1000 0.967 	1815.353498	0	0.000000
455.0	1300 0.963 1300 0.980 1300 0.973 1300 0.420 1200 0.979 1100 0.974 1100 0.972 1000 0.943 	1824.310404	0	0.000000
456.0	1300 0.978 1300 0.980 1300 0.974 1300 0.582 1200 0.963 1200 0.968 1200 0.976 1100 0.919 	1955.690624	0	0.000000
457.0	1300 0.960 1300 0.989 1300 0.977 1300 0.454 1200 0.901 1100 1.000 1100 0.987 1100 0.901 	1852.361840	1	87.000000
458.0	1300 0.976 1300 0.978 1300 0.979 1300 0.513 1200 0.957 1200 1.000 1200 0.898 1200 0.908 	1938.043116	1	80.000000
459.0	1300 0.970 1300 0.996 1300 0.989 1300 0.298 1200 0.980 1100 0.981 1100 0.984 1100 0.959 	1811.575216	0	0.000000
460.0	1300 0.965 1300 0.988 1300 0.999 1300 0.412 1200 0.873 1200 1.000 1100 0.932 1100 0.928 	1860.244063	1	124.000000
461.0	1400 0.962 1400 0.810 1400 1.000 1300 0.936 1200 0.981 1000 0.969 900 0.972 900 0.890 	1983.031460	1	378.000000
462.0	1500 0.961 1300 0.988 1300 0.994 1300 0.353 1200 0.920 1200 0.965 1100 0.975 1100 0.896 	1933.885049	0	0.000000
463.0	1300 0.975 1300 0.997 1300 0.993 1300 0.349 1200 0.973 1200 0.976 1200 0.986 1100 0.882 	1869.659403	0	0.000000
464.0	1300 0.962 1300 0.985 1300 0.975 1300 0.505 1200 0.969 1200 1.000 1200 0.670 1200 0.922 	1904.867022	1	349.000000
465.0	1400 0.979 1300 0.821 1300 1.000 1300 0.877 1100 0.965 1000 0.964 1000 0.683 900 0.992 	1899.717229	2	635.222222
466.0	1500 0.980 1400 0.979 1400 0.991 1300 0.980 1200 0.988 900 0.944 900 0.971 900 0.918 	2151.597457	1	11.000000
467.0	1300 0.992 1300 0.987 1300 0.993 1300 0.475 1200 0.994 1100 0.997 1000 1.000 1000 0.924 	1857.683931	0	0.000000
468.0	1300 0.971 1300 0.976 1300 0.988 1300 0.501 1200 0.993 1200 0.965 1200 0.986 1100 0.941 	1929.200461	0	0.000000
469.0	1300 0.969 1300 0.982 1300 0.976 1300 0.454 1200 0.979 1200 0.792 1100 1.000 1100 0.928 	1861.732412	1	208.000000
470.0	1300 0.982 1300 0.997 1300 0.979 1300 0.416 1200 0.990 1100 0.964 1100 0.986 1000 0.944 	1843.065945	0	0.000000
471.0	1300 0.970 1300 0.984 1300 0.990 1300 0.523 1100 0.998 1100 0.955 1100 0.955 1100 0.945 	1877.325966	0	0.000000
472.0	1300 0.970 1300 0.985 1300 0.989 1300 0.375 1100 0.958 1100 0.959 1000 0.906 1000 0.933 	1766.846505	0	0.000000
473.0	1300 0.978 1300 0.988 1300 0.985 1300 0.379 1100 0.991 1100 0.966 1100 0.964 1000 0.944 	1800.888240	0	0.000000
474.0	1300 0.979 1300 0.995 1300 0.974 1300 0.424 1200 0.847 1200 1.000 1200 0.930 1100 0.947 	1881.665856	1	148.000000
475.0	1400 0.993 1400 0.981 1300 0.985 1300 0.936 1200 0.953 900 0.964 900 0.990 800 0.880 	2012.469321	0	0.000000
476.0	1300 0.971 1300 0.994 1300 0.982 1300 0.471 1200 0.961 1100 0.735 1100 1.000 1100 0.891 	1849.223956	1	212.000000
477.0	1300 0.977 1300 0.986 1300 0.992 1300 0.590 1200 0.793 1200 1.000 1200 0.876 1200 0.995 	1968.345385	2	213.000000
478.0	1300 0.964 1300 0.872 1300 1.000 1300 0.805 1200 0.972 1000 0.975 1000 0.956 1000 0.952 	1914.106199	1	244.000000
479.0	1500 0.976 1300 0.996 1300 0.981 1300 0.353 1100 0.965 1100 0.975 1000 0.940 1000 0.956 	1870.220058	0	0.000000
480.0	1300 0.982 1300 0.996 1300 0.985 1300 0.485 1100 0.983 1000 0.988 1000 1.000 1000 0.796 	1804.491213	1	79.000000
481.0	1300 0.986 1300 0.985 1300 0.979 1300 0.501 1200 0.988 1200 0.968 1100 1.000 1100 0.928 	1914.825765	1	21.000000
482.0	1300 0.984 1300 0.994 1300 0.985 1300 0.327 1100 0.958 1000 0.971 1000 0.946 1000 0.938 	1740.512994	0	0.000000
483.0	1300 0.973 1300 0.986 1300 0.975 1300 0.400 1200 0.944 1100 0.973 1100 0.974 1000 0.946 	1819.908780	0	0.000000
484.0	1300 0.976 1300 1.000 1300 0.987 1300 0.391 1100 0.928 1000 0.988 900 1.000 900 0.807 	1739.593749	1	97.000000
485.0	1300 0.977 1300 0.992 1300 0.978 1300 0.434 1100 0.930 1100 0.998 1100 0.920 1100 0.983 	1838.601625	1	86.000000
486.0	1300 0.985 1300 0.998 1300 0.981 1300 0.965 1100 0.999 1000 0.929 1000 0.973 900 0.973 	2008.448616	0	0.000000
487.0	1300 0.977 1300 0.979 1300 1.000 1300 0.268 1100 0.801 1100 1.000 1100 0.925 1100 0.926 	1753.064886	1	165.000000
488.0	1300 0.983 1300 0.981 1300 0.996 1300 0.560 1000 0.838 1000 1.000 900 0.970 900 0.891 	1789.678221	1	122.000000
489.0	1400 0.988 1400 0.980 1400 0.979 1300 0.909 1100 0.979 900 0.971 900 0.982 900 0.940 	2023.684876	0	0.000000
490.0	1400 0.983 1400 0.985 1400 0.985 1300 0.904 1100 0.962 1000 0.956 1000 0.961 900 0.899 	2037.635438	0	0.000000
491.0	1300 0.990 1300 0.975 1300 0.972 1300 0.633 1200 0.978 1200 0.969 1200 0.989 1200 0.957 	2007.357041	0	0.000000
492.0	1400 0.991 1300 0.993 1300 0.989 1300 0.911 1000 0.957 1000 0.975 1000 0.956 900 0.929 	1987.999593	0	0.000000
493.0	1300 0.957 1300 0.978 1300 0.988 1300 0.424 1200 0.969 1200 0.976 1200 0.938 1100 0.991 	1888.452926	0	0.000000
494.0	1400 0.993 1300 0.981 1300 0.997 1300 0.900 1100 0.975 1000 0.951 1000 0.959 900 0.983 	2005.635388	0	0.000000
495.0	1400 0.978 1400 0.988 1300 0.625 1300 0.964 1100 0.981 900 0.979 900 0.992 800 0.910 	1852.755578	1	615.000000
496.0	1500 0.992 1500 0.988 1500 0.985 1500 0.928 1200 0.990 1100 0.954 1000 0.978 1000 0.945 	2447.844622	0	0.000000
497.0	1300 0.968 1300 0.983 1300 0.980 1300 0.327 1100 0.980 1100 0.749 1100 0.978 1100 0.969 	1770.112752	1	263.000000
498.0	1300 0.985 1300 0.991 1300 0.996 1300 0.509 1100 0.975 1100 0.920 1100 1.000 1100 0.977 	1885.154104	1	13.000000
499.0	1300 0.958 1300 0.846 1300 1.000 1300 0.916 1000 0.881 1000 1.000 900 0.958 900 0.977 	1884.045130	2	344.000000
500.0	1400 0.987 1400 0.978 1400 0.767 1400 0.971 1000 0.985 1000 0.954 1000 0.989 900 0.996 	1981.204000	1	391.000000
501.0	1300 0.974 1300 0.982 1300 0.973 1300 0.649 1000 0.954 1000 0.957 1000 0.973 1000 0.860 	1838.384505	0	0.000000
502.0	1300 0.957 1300 0.981 1300 0.972 1300 0.460 1200 0.976 1000 0.951 1000 0.976 900 0.967 	1789.408002	0	0.000000
503.0	1300 0.988 1300 0.988 1300 0.999 1300 0.412 1200 0.991 1200 0.748 1100 1.000 1100 0.888 	1856.260637	1	281.000000
504.0	1300 0.974 1300 0.984 1300 0.996 1300 0.446 1200 0.955 1200 1.000 1100 0.965 1100 0.904 	1886.803740	1	2.000000
505.0	1300 0.983 1300 0.983 1300 0.979 1300 0.531 1200 0.962 1200 0.985 1100 0.706 1100 0.930 	1893.719222	1	308.000000
506.0	1400 1.000 1300 0.983 1300 0.981 1300 0.898 1200 0.993 1200 0.986 900 0.931 800 0.957 	2032.921271	1	54.750000
507.0	1300 0.967 1300 0.975 1300 0.972 1300 0.306 1100 0.893 1100 1.000 1100 0.932 1100 0.911 	1759.398902	1	71.000000
508.0	1300 0.956 1300 0.983 1300 0.971 1300 0.560 1200 0.959 1100 0.794 1100 1.000 1000 0.916 	1861.458167	1	180.000000
509.0	1300 0.974 1300 0.988 1300 0.990 1300 0.353 1200 0.823 1200 1.000 1200 0.935 1200 0.938 	1869.539389	1	169.000000
510.0	1300 0.935 1300 1.000 1300 0.997 1300 0.871 1200 0.974 1100 0.829 1000 1.000 1000 0.939 	1991.532358	2	196.000000
511.0	1300 0.969 1300 0.989 1300 0.991 1300 0.327 1200 0.948 1200 0.975 1100 0.976 1100 0.960 	1837.218630	0	0.000000
512.0	1300 0.980 1300 0.996 1300 0.987 1300 0.446 1100 0.809 1100 1.000 1100 0.964 1000 0.947 	1819.899759	1	187.000000
513.0	1400 0.985 1300 0.979 1300 0.987 1300 0.929 1100 0.985 1000 0.868 1000 1.000 1000 0.940 	2013.758984	1	70.000000
514.0	1400 0.957 1400 0.977 1300 0.993 1300 0.992 1200 0.972 1000 0.941 1000 0.963 900 0.959 	2065.203722	0	0.000000
515.0	1400 0.970 1300 0.990 1300 0.998 1300 0.977 1000 0.952 1000 0.980 900 0.969 900 0.917 	1998.759432	0	0.000000
516.0	1400 0.904 1300 1.000 1300 0.975 1300 0.924 1200 0.970 1000 0.963 900 0.997 900 0.952 	1985.218558	1	199.000000
517.0	1400 0.990 1300 0.984 1300 0.994 1300 0.471 1200 0.985 1200 0.987 1100 0.957 1100 0.956 	1932.845374	0	0.000000
518.0	1300 0.976 1300 0.977 1300 0.980 1300 0.272 1200 0.982 1100 0.974 1100 0.995 1000 0.933 	1770.952043	0	0.000000
519.0	1300 0.988 1300 0.989 1300 0.987 1300 0.302 1200 0.963 1200 0.959 1100 0.952 1100 0.935 	1827.131017	0	0.000000
520.0	1300 0.967 1300 0.991 1300 0.998 1300 0.446 1100 0.933 1000 0.994 1000 1.000 1000 0.844 	1784.031300	1	100.000000
521.0	1300 0.961 1300 0.987 1300 0.976 1300 0.353 1000 0.928 1000 0.959 1000 0.953 1000 0.978 	1716.426505	0	0.000000
522.0	1300 0.969 1300 0.985 1300 0.971 1300 0.523 1100 0.855 1000 1.000 1000 0.977 1000 0.920 	1800.660057	1	139.000000
523.0	1400 0.991 1400 0.994 1400 0.982 1300 0.920 1100 0.911 1000 1.000 900 0.951 900 0.937 	2040.680013	1	21.000000
524.0	1400 0.988 1400 0.985 1300 0.991 1300 0.911 1100 0.967 1000 0.800 1000 1.000 900 0.858 	2010.717014	1	153.000000
525.0	1300 0.971 1300 0.997 1300 0.976 1300 0.387 1200 0.988 1200 0.963 1200 0.965 1100 0.993 	1886.526609	0	0.000000
526.0	1300 0.985 1300 0.987 1300 0.979 1300 0.361 1200 0.963 1200 0.962 1200 0.964 1100 0.935 	1868.602994	0	0.000000
527.0	1300 0.971 1300 0.979 1300 0.998 1300 0.391 1200 0.990 1200 0.962 1200 0.993 1100 0.932 	1886.593860	0	0.000000
528.0	1300 0.983 1300 1.000 1300 0.980 1300 0.306 1200 0.990 1200 0.983 1100 0.991 1100 0.910 	1836.362019	0	0.000000
529.0	1300 0.975 1300 0.997 1300 0.988 1300 0.420 1200 0.812 1200 1.000 1200 0.932 1200 0.937 	1899.580000	2	189.000000
530.0	1300 0.961 1300 0.995 1300 0.973 1300 0.365 1100 0.955 1000 0.956 1000 0.990 1000 0.891 	1740.270905	0	0.000000
531.0	1300 0.977 1300 0.990 1300 0.990 1300 0.387 1200 0.943 1200 0.960 1100 0.941 1100 0.933 	1856.980206	1	53.000000
532.0	1400 0.994 1300 0.995 1300 0.985 1300 0.936 1000 0.943 1000 1.000 1000 0.951 900 0.880 	1996.078777	1	45.000000
533.0	1300 0.976 1300 0.986 1300 0.988 1300 0.331 1200 0.737 1100 1.000 1100 0.972 1100 0.972 	1795.625650	1	286.000000
534.0	1300 0.962 1300 0.999 1300 0.975 1300 0.383 1200 0.990 1100 1.000 1100 0.601 1100 0.921 	1799.389285	1	364.000000
535.0	1400 0.985 1400 0.977 1400 0.981 1400 0.984 1200 0.972 900 0.993 900 0.986 800 0.901 	2076.528255	0	0.000000
536.0	1300 0.966 1300 0.991 1300 0.995 1300 0.527 1200 0.950 1100 1.000 1100 0.997 1100 0.899 	1901.327466	1	38.000000
537.0	1300 0.964 1300 0.989 1300 0.978 1300 0.471 1200 0.967 1200 0.766 1200 0.981 1200 0.941 	1906.013807	1	249.000000
538.0	1300 0.941 1300 1.000 1300 0.977 1300 0.927 1000 0.962 1000 0.972 1000 0.962 900 0.987 	1953.260899	1	94.000000
539.0	1400 0.975 1300 0.985 1300 0.981 1300 0.335 1200 0.975 1200 0.964 1200 0.973 1100 0.976 	1883.093702	0	0.000000
540.0	1400 0.983 1400 0.988 1300 0.997 1300 0.930 1200 0.961 1000 0.983 1000 0.969 900 0.908 	2056.753117	0	0.000000
541.0	1400 0.990 1400 0.981 1300 0.991 1300 0.950 1200 0.929 900 1.000 900 0.951 800 0.862 	2015.469064	1	50.000000
542.0	1300 0.995 1300 0.999 1300 0.978 1300 0.331 1200 0.997 1100 0.964 1000 0.973 1000 0.911 	1790.166072	0	0.000000
543.0	1300 0.972 1300 0.994 1300 0.999 1300 0.442 1200 0.991 1100 0.977 1100 1.000 1100 0.879 	1872.237624	1	98.000000
544.0	1300 0.968 1300 0.978 1300 0.977 1300 0.531 1200 0.835 1200 1.000 1100 0.976 1100 0.887 	1894.421607	1	139.000000
545.0	1400 0.999 1400 0.982 1300 0.986 1300 0.947 1000 0.993 1000 0.966 1000 0.600 1000 0.950 	2007.758801	1	394.000000
546.0	1500 0.972 1400 0.989 1400 0.656 1400 0.916 1200 0.978 1100 0.845 1100 1.000 1100 0.890 	2071.175437	2	640.923077
547.0	1400 0.982 1300 0.983 1300 0.981 1300 0.919 1200 0.967 1200 0.995 1200 0.512 1100 0.988 	2081.819729	1	572.818182
548.0	1300 0.983 1300 0.985 1300 0.979 1300 0.438 1200 0.985 1200 1.000 1200 0.987 1200 0.942 	1930.566380	0	0.000000
549.0	1300 0.973 1300 0.981 1300 0.984 1300 0.531 1200 0.836 1200 1.000 1200 0.966 1100 0.896 	1920.537802	1	129.000000
550.0	1400 0.987 1300 0.978 1300 0.994 1300 0.941 1000 0.978 900 0.958 900 0.996 900 0.936 	1977.465840	0	0.000000
551.0	1300 0.955 1300 0.999 1300 0.991 1300 0.387 1200 0.968 1100 1.000 1100 0.641 1100 0.908 	1805.320683	1	345.000000
552.0	1300 0.977 1300 0.981 1300 0.986 1300 0.645 1200 0.867 1100 1.000 1100 0.900 1100 0.945 	1932.964737	1	136.000000
553.0	1300 0.985 1300 0.983 1300 0.991 1300 0.552 1100 0.965 1100 0.975 1100 1.000 1100 0.780 	1882.486851	1	174.000000
554.0	1300 0.985 1300 0.872 1300 1.000 1300 0.924 1000 0.972 1000 0.966 900 0.997 900 0.932 	1914.164572	1	242.000000
555.0	1500 0.972 1300 0.984 1300 0.978 1300 0.578 1200 0.832 1200 1.000 1200 0.955 1200 0.913 	2059.210892	1	198.000000
556.0	1300 0.975 1300 0.989 1300 0.996 1300 0.751 1200 0.965 1200 0.868 1200 1.000 1200 0.883 	2045.329172	1	110.000000
557.0	1400 0.887 1300 1.000 1300 0.979 1300 0.878 1100 0.986 1000 0.959 1000 0.953 900 0.940 	1947.248180	1	172.000000
558.0	1400 0.976 1300 0.984 1300 0.846 0 0.000 1200 0.787 1200 1.000 1200 0.990 1200 0.947 	1682.065275	1	241.000000
559.0	1300 0.967 1300 0.984 1300 0.976 1300 0.552 1200 0.972 1100 0.986 1100 0.989 1100 0.976 	1910.536740	0	0.000000
560.0	1300 0.977 1300 0.923 1300 1.000 1300 0.951 1000 0.927 1000 0.999 1000 0.974 1000 0.906 	1960.142773	1	137.000000
561.0	1300 0.989 1300 0.998 1300 0.988 1300 0.953 1000 0.941 1000 0.750 1000 1.000 900 0.878 	1964.065032	1	207.000000
562.0	1300 0.963 1300 0.994 1300 0.975 1300 0.357 1200 0.990 1200 0.995 1200 0.923 1200 0.993 	1888.137495	0	0.000000
563.0	1400 1.000 1300 0.983 1300 0.976 1300 0.956 1200 0.904 1100 1.000 1100 0.968 1100 0.893 	2101.664222	1	98.000000
564.0	1400 0.988 1300 0.996 1300 0.986 1300 0.913 1100 0.985 1000 0.938 900 0.962 900 0.996 	2001.220529	0	0.000000
565.0	1300 0.963 1300 0.975 1300 0.979 1300 0.391 1200 1.000 1100 0.982 1100 0.975 1100 0.968 	1837.646486	0	0.000000
566.0	1300 0.969 1300 1.000 1300 0.997 1300 0.464 1200 0.968 1100 0.992 1100 0.885 1100 0.895 	1869.775352	1	125.000000
567.0	1300 0.967 1300 0.987 1300 0.976 1300 0.247 1200 0.988 1200 0.999 1200 0.981 1200 0.938 	1840.751578	0	0.000000
568.0	1300 0.961 1300 0.988 1300 0.976 1300 0.454 1200 0.900 1200 1.000 1200 0.928 1100 0.966 	1893.171904	1	69.000000
569.0	1400 0.986 1400 0.999 1400 0.985 1400 0.916 1000 0.971 1000 0.979 1000 0.978 900 0.937 	2059.051912	0	0.000000
570.0	1300 0.989 1300 1.000 1300 0.995 1300 0.475 1100 0.795 1000 1.000 1000 0.971 1000 0.985 	1804.379779	1	179.000000
571.0	1300 0.962 1300 0.985 1300 0.980 1300 0.726 1100 0.818 1100 1.000 1100 0.914 1100 0.943 	1938.518892	1	154.000000
572.0	1300 0.973 1300 0.998 1300 0.996 1300 0.586 1200 0.965 1100 0.783 1100 0.978 1100 0.966 	1917.707671	2	223.000000
573.0	1300 0.979 1300 0.997 1300 0.972 1300 0.298 1200 0.952 1200 1.000 1200 0.976 1200 0.944 	1866.278580	1	21.000000
574.0	1300 0.976 1300 0.992 1300 0.977 1300 0.509 1000 0.941 1000 0.956 1000 0.888 1000 0.958 	1785.309710	1	93.000000
575.0	1300 0.982 1300 0.983 1300 0.989 1300 0.383 1100 0.814 1100 1.000 1100 0.943 1100 0.914 	1802.522426	1	177.000000
576.0	1400 0.993 1400 0.988 1400 0.990 1400 0.943 1000 0.990 1000 0.958 1000 0.966 900 0.970 	2072.619582	0	0.000000
577.0	1300 0.971 1300 0.975 1300 0.998 1300 0.475 1200 0.970 1200 0.967 1200 0.966 1100 0.956 	1918.165908	0	0.000000
578.0	1300 0.987 1300 0.979 1300 0.995 1300 0.353 1200 0.951 1100 0.961 1100 0.983 1100 0.905 	1826.169874	0	0.000000
579.0	1300 0.980 1300 0.987 1300 0.985 1300 0.375 1200 0.972 1200 0.966 1200 0.987 1100 0.954 	1881.141705	0	0.000000
580.0	1300 0.962 1300 0.983 1300 0.985 1300 0.250 1200 0.962 1000 0.815 1000 1.000 1000 0.861 	1699.452753	1	117.000000
581.0	1400 0.984 1300 0.846 1300 1.000 1300 0.967 1100 0.969 1000 0.958 1000 0.968 900 0.999 	1975.934178	1	261.000000
582.0	1500 0.984 1300 0.998 1300 0.986 1300 0.531 1200 0.941 1200 0.991 1100 1.000 1100 0.807 	2021.558195	1	89.000000
583.0	1300 0.977 1300 0.984 1300 0.986 1300 0.442 1100 0.923 1100 1.000 1100 0.961 1000 0.922 	1820.489421	1	2.000000
584.0	1300 0.971 1300 0.986 1300 0.986 1300 0.412 1100 0.963 1100 0.988 1100 0.921 1000 0.955 	1807.878880	0	0.000000
585.0	1300 0.976 1300 0.996 1300 0.978 1300 0.391 1100 0.834 1100 1.000 1100 0.965 1100 0.968 	1814.267052	1	144.000000
586.0	1300 0.969 1300 0.994 1300 0.983 1300 0.560 1200 0.957 1100 0.988 1100 0.995 1100 0.955 	1918.572372	0	0.000000
587.0	1300 0.993 1300 0.983 1300 0.978 1300 0.379 1100 0.991 1100 0.975 1000 0.949 900 0.898 	1768.878956	0	0.000000
588.0	1300 0.960 1300 0.990 1300 0.983 1300 0.450 1200 0.976 1100 0.974 1100 0.913 1100 0.942 	1856.795686	0	0.000000
589.0	1300 0.991 1300 0.995 1300 0.979 1300 0.327 1100 0.971 1100 0.958 1000 0.967 1000 0.960 	1764.688567	0	0.000000
590.0	1300 0.977 1300 0.993 1300 0.998 1300 0.387 1100 0.943 1100 0.864 1100 1.000 1100 0.847 	1808.939023	1	104.000000
591.0	1400 0.992 1300 0.993 1300 0.992 1300 0.944 1100 0.985 1100 0.963 1100 0.641 1000 0.995 	2046.480551	1	377.500000
592.0	1400 0.972 1400 0.981 1400 0.650 1300 0.969 1100 0.976 1000 0.997 800 0.997 800 0.876 	1864.114544	1	625.974359
593.0	1300 0.986 1300 0.989 1300 0.986 1300 0.686 1200 0.949 1200 0.992 1200 0.959 1100 0.975 	2017.525306	1	16.454545
594.0	1300 0.915 1300 1.000 1300 0.989 1300 0.885 1000 0.957 1000 0.982 1000 1.000 900 0.643 	1908.332811	2	385.000000
595.0	1400 0.964 1300 0.991 1300 0.972 1300 0.383 1100 0.967 1100 0.973 1100 0.950 1100 0.912 	1826.873432	0	0.000000
596.0	1300 0.983 1300 0.999 1300 0.982 1300 0.633 1200 0.982 1100 0.985 1100 0.968 1000 0.919 	1935.217699	0	0.000000
597.0	1300 0.981 1300 0.997 1300 0.998 1300 0.450 1100 0.979 1100 0.963 1100 0.945 1100 0.931 	1855.869848	1	2.000000
598.0	1300 0.978 1300 0.992 1300 0.997 1300 0.544 1200 0.928 1100 0.958 1100 0.983 1100 0.970 	1914.422847	0	0.000000
599.0	1300 0.967 1300 0.995 1300 0.991 1300 0.331 1100 0.798 1100 1.000 1100 0.964 1000 0.992 	1769.300354	1	183.000000
600.0	1400 0.980 1400 0.667 1300 1.000 1300 0.931 1100 0.942 1000 0.995 1000 0.961 1000 0.947 	1903.180449	1	652.000000
