1.1
600
362 1 362 0
579 1 579 0
460 1 460 0
771 1 771 0
848 1 848 0
657 1 657 0
752 1 752 0
382 1 382 0
573 1 573 0
634 1 634 0
671 1 671 0
658 1 658 0
814 1 814 0
681 1 681 0
598 1 598 0
511 1 511 0
721 1 721 0
755 1 755 0
367 1 367 0
467 1 467 0
587 1 587 0
361 1 361 0
460 1 460 0
507 1 507 0
652 1 652 0
521 1 521 0
816 1 816 0
597 1 597 0
838 1 838 0
582 1 582 0
633 1 633 0
844 1 844 0
825 1 825 0
385 1 385 0
660 1 660 0
687 1 687 0
705 1 705 0
817 1 817 0
504 1 504 0
661 1 661 0
508 1 508 0
837 1 837 0
628 1 628 0
565 1 565 0
815 1 815 0
831 1 831 0
669 1 669 0
731 1 731 0
577 1 577 0
743 1 743 0
603 1 603 0
524 1 524 0
788 1 788 0
391 1 391 0
788 1 788 0
655 1 655 0
593 1 593 0
784 1 784 0
390 1 390 0
456 1 456 0
570 1 570 0
722 1 722 0
520 1 520 0
432 1 432 0
371 1 371 0
443 1 443 0
498 1 498 0
629 1 629 0
511 1 511 0
527 1 527 0
615 1 615 0
425 1 425 0
509 1 509 0
665 1 665 0
727 1 727 0
636 1 636 0
450 1 450 0
376 1 376 0
470 1 470 0
350 1 350 0
627 1 627 0
581 1 581 0
808 1 808 0
490 1 490 0
777 1 777 0
449 1 449 0
708 1 708 0
814 1 814 0
589 1 589 0
847 1 847 0
760 1 760 0
514 1 514 0
506 1 506 0
565 1 565 0
660 1 660 0
579 1 579 0
686 1 686 0
434 1 434 0
809 1 809 0
579 1 579 0
559 1 559 0
676 1 676 0
398 1 398 0
492 1 492 0
431 1 431 0
675 1 675 0
363 1 363 0
423 1 423 0
630 1 630 0
695 1 695 0
471 1 471 0
628 1 628 0
799 1 799 0
404 1 404 0
369 1 369 0
656 1 656 0
516 1 516 0
513 1 513 0
435 1 435 0
596 1 596 0
550 1 550 0
822 1 822 0
372 1 372 0
482 1 482 0
566 1 566 0
579 1 579 0
646 1 646 0
634 1 634 0
406 1 406 0
433 1 433 0
761 1 761 0
506 1 506 0
663 1 663 0
501 1 501 0
578 1 578 0
412 1 412 0
380 1 380 0
485 1 485 0
396 1 396 0
579 1 579 0
725 1 725 0
641 1 641 0
396 1 396 0
468 1 468 0
716 1 716 0
829 1 829 0
594 1 594 0
662 1 662 0
833 1 833 0
636 1 636 0
671 1 671 0
735 1 735 0
494 1 494 0
554 1 554 0
506 1 506 0
719 1 719 0
482 1 482 0
521 1 521 0
614 1 614 0
757 1 757 0
619 1 619 0
772 1 772 0
664 1 664 0
798 1 798 0
374 1 374 0
565 1 565 0
759 1 759 0
456 1 456 0
767 1 767 0
446 1 446 0
615 1 615 0
834 1 834 0
465 1 465 0
747 1 747 0
836 1 836 0
785 1 785 0
380 1 380 0
416 1 416 0
658 1 658 0
507 1 507 0
610 1 610 0
821 1 821 0
420 1 420 0
771 1 771 0
645 1 645 0
835 1 835 0
686 1 686 0
424 1 424 0
819 1 819 0
713 1 713 0
594 1 594 0
381 1 381 0
827 1 827 0
568 1 568 0
808 1 808 0
719 1 719 0
712 1 712 0
708 1 708 0
586 1 586 0
494 1 494 0
724 1 724 0
526 1 526 0
832 1 832 0
548 1 548 0
841 1 841 0
692 1 692 0
384 1 384 0
486 1 486 0
600 1 600 0
654 1 654 0
360 1 360 0
563 1 563 0
590 1 590 0
703 1 703 0
720 1 720 0
395 1 395 0
806 1 806 0
688 1 688 0
799 1 799 0
619 1 619 0
814 1 814 0
728 1 728 0
711 1 711 0
843 1 843 0
665 1 665 0
694 1 694 0
666 1 666 0
539 1 539 0
792 1 792 0
522 1 522 0
795 1 795 0
655 1 655 0
526 1 526 0
626 1 626 0
819 1 819 0
554 1 554 0
406 1 406 0
678 1 678 0
700 1 700 0
800 1 800 0
571 1 571 0
697 1 697 0
648 1 648 0
630 1 630 0
583 1 583 0
805 1 805 0
429 1 429 0
658 1 658 0
701 1 701 0
441 1 441 0
508 1 508 0
570 1 570 0
572 1 572 0
508 1 508 0
700 1 700 0
431 1 431 0
609 1 609 0
595 1 595 0
379 1 379 0
738 1 738 0
738 1 738 0
436 1 436 0
407 1 407 0
453 1 453 0
675 1 675 0
607 1 607 0
387 1 387 0
604 1 604 0
407 1 407 0
551 1 551 0
600 1 600 0
428 1 428 0
441 1 441 0
771 1 771 0
493 1 493 0
815 1 815 0
755 1 755 0
819 1 819 0
568 1 568 0
383 1 383 0
464 1 464 0
583 1 583 0
427 1 427 0
810 1 810 0
417 1 417 0
482 1 482 0
546 1 546 0
593 1 593 0
398 1 398 0
682 1 682 0
657 1 657 0
653 1 653 0
793 1 793 0
571 1 571 0
696 1 696 0
504 1 504 0
803 1 803 0
845 1 845 0
391 1 391 0
778 1 778 0
812 1 812 0
590 1 590 0
777 1 777 0
685 1 685 0
396 1 396 0
498 1 498 0
836 1 836 0
663 1 663 0
578 1 578 0
393 1 393 0
697 1 697 0
517 1 517 0
835 1 835 0
663 1 663 0
683 1 683 0
806 1 806 0
566 1 566 0
568 1 568 0
731 1 731 0
441 1 441 0
767 1 767 0
711 1 711 0
742 1 742 0
646 1 646 0
636 1 636 0
630 1 630 0
593 1 593 0
518 1 518 0
682 1 682 0
713 1 713 0
569 1 569 0
820 1 820 0
762 1 762 0
804 1 804 0
411 1 411 0
847 1 847 0
411 1 411 0
533 1 533 0
416 1 416 0
713 1 713 0
711 1 711 0
698 1 698 0
487 1 487 0
663 1 663 0
580 1 580 0
707 1 707 0
549 1 549 0
579 1 579 0
458 1 458 0
397 1 397 0
488 1 488 0
847 1 847 0
387 1 387 0
597 1 597 0
757 1 757 0
598 1 598 0
618 1 618 0
635 1 635 0
570 1 570 0
487 1 487 0
816 1 816 0
601 1 601 0
710 1 710 0
372 1 372 0
435 1 435 0
799 1 799 0
770 1 770 0
833 1 833 0
705 1 705 0
355 1 355 0
833 1 833 0
395 1 395 0
478 1 478 0
628 1 628 0
726 1 726 0
495 1 495 0
560 1 560 0
848 1 848 0
837 1 837 0
371 1 371 0
536 1 536 0
445 1 445 0
739 1 739 0
585 1 585 0
557 1 557 0
524 1 524 0
630 1 630 0
405 1 405 0
825 1 825 0
413 1 413 0
408 1 408 0
638 1 638 0
406 1 406 0
713 1 713 0
699 1 699 0
366 1 366 0
479 1 479 0
792 1 792 0
438 1 438 0
517 1 517 0
686 1 686 0
361 1 361 0
840 1 840 0
653 1 653 0
704 1 704 0
636 1 636 0
399 1 399 0
740 1 740 0
644 1 644 0
724 1 724 0
657 1 657 0
777 1 777 0
746 1 746 0
739 1 739 0
496 1 496 0
371 1 371 0
786 1 786 0
491 1 491 0
352 1 352 0
850 1 850 0
642 1 642 0
735 1 735 0
720 1 720 0
836 1 836 0
602 1 602 0
468 1 468 0
596 1 596 0
794 1 794 0
589 1 589 0
767 1 767 0
580 1 580 0
530 1 530 0
364 1 364 0
570 1 570 0
795 1 795 0
386 1 386 0
567 1 567 0
799 1 799 0
454 1 454 0
749 1 749 0
762 1 762 0
508 1 508 0
616 1 616 0
500 1 500 0
483 1 483 0
680 1 680 0
416 1 416 0
397 1 397 0
526 1 526 0
831 1 831 0
672 1 672 0
465 1 465 0
654 1 654 0
829 1 829 0
363 1 363 0
819 1 819 0
449 1 449 0
622 1 622 0
826 1 826 0
665 1 665 0
819 1 819 0
572 1 572 0
771 1 771 0
834 1 834 0
675 1 675 0
812 1 812 0
700 1 700 0
536 1 536 0
537 1 537 0
535 1 535 0
589 1 589 0
703 1 703 0
405 1 405 0
760 1 760 0
454 1 454 0
418 1 418 0
494 1 494 0
706 1 706 0
458 1 458 0
391 1 391 0
439 1 439 0
518 1 518 0
466 1 466 0
369 1 369 0
698 1 698 0
787 1 787 0
613 1 613 0
390 1 390 0
774 1 774 0
832 1 832 0
819 1 819 0
756 1 756 0
661 1 661 0
825 1 825 0
743 1 743 0
695 1 695 0
526 1 526 0
637 1 637 0
769 1 769 0
640 1 640 0
573 1 573 0
382 1 382 0
781 1 781 0
456 1 456 0
535 1 535 0
839 1 839 0
587 1 587 0
661 1 661 0
375 1 375 0
446 1 446 0
724 1 724 0
700 1 700 0
770 1 770 0
443 1 443 0
672 1 672 0
457 1 457 0
653 1 653 0
588 1 588 0
528 1 528 0
417 1 417 0
503 1 503 0
417 1 417 0
821 1 821 0
819 1 819 0
550 1 550 0
613 1 613 0
804 1 804 0
577 1 577 0
424 1 424 0
448 1 448 0
702 1 702 0
701 1 701 0
519 1 519 0
410 1 410 0
587 1 587 0
477 1 477 0
722 1 722 0
563 1 563 0
818 1 818 0
567 1 567 0
379 1 379 0
588 1 588 0
850 1 850 0
651 1 651 0
766 1 766 0
718 1 718 0
837 1 837 0
370 1 370 0
461 1 461 0
646 1 646 0
567 1 567 0
636 1 636 0
674 1 674 0
763 1 763 0
815 1 815 0
810 1 810 0
779 1 779 0
649 1 649 0
427 1 427 0
724 1 724 0
704 1 704 0
592 1 592 0
815 1 815 0
446 1 446 0
523 1 523 0
427 1 427 0
385 1 385 0
693 1 693 0
628 1 628 0
446 1 446 0
754 1 754 0
590 1 590 0
580 1 580 0
631 1 631 0
566 1 566 0
808 1 808 0
452 1 452 0
581 1 581 0
599 1 599 0
617 1 617 0
841 1 841 0
639 1 639 0
549 1 549 0
587 1 587 0
675 1 675 0
400 1 400 0
417 1 417 0
501 1 501 0
488 1 488 0
426 1 426 0
733 1 733 0
598 1 598 0
647 1 647 0
562 1 562 0
581 1 581 0
427 1 427 0
524 1 524 0
681 1 681 0
494 1 494 0
835 1 835 0
