1.3
600
838 1 838 0
1087 1 1087 0
1119 1 1119 0
1006 1 1006 0
1024 1 1024 0
1102 1 1102 0
1119 1 1119 0
929 1 929 0
927 1 927 0
997 1 997 0
1128 1 1128 0
1046 1 1046 0
1068 1 1068 0
1087 1 1087 0
1170 1 1170 0
1018 1 1018 0
1047 1 1047 0
1081 1 1081 0
1141 1 1141 0
847 1 847 0
964 1 964 0
953 1 953 0
1114 1 1114 0
1102 1 1102 0
880 1 880 0
1157 1 1157 0
813 1 813 0
822 1 822 0
1064 1 1064 0
1087 1 1087 0
986 1 986 0
1151 1 1151 0
856 1 856 0
994 1 994 0
885 1 885 0
926 1 926 0
1014 1 1014 0
1186 1 1186 0
833 1 833 0
938 1 938 0
1083 1 1083 0
880 1 880 0
1154 1 1154 0
813 1 813 0
1077 1 1077 0
1183 1 1183 0
1067 1 1067 0
1058 1 1058 0
929 1 929 0
833 1 833 0
880 1 880 0
1086 1 1086 0
844 1 844 0
849 1 849 0
1000 1 1000 0
972 1 972 0
1147 1 1147 0
975 1 975 0
967 1 967 0
1175 1 1175 0
1063 1 1063 0
850 1 850 0
943 1 943 0
1124 1 1124 0
870 1 870 0
1101 1 1101 0
1159 1 1159 0
1041 1 1041 0
1086 1 1086 0
1004 1 1004 0
1033 1 1033 0
882 1 882 0
1108 1 1108 0
1167 1 1167 0
1146 1 1146 0
1064 1 1064 0
904 1 904 0
956 1 956 0
859 1 859 0
1012 1 1012 0
1035 1 1035 0
1060 1 1060 0
847 1 847 0
1086 1 1086 0
984 1 984 0
1044 1 1044 0
846 1 846 0
911 1 911 0
1127 1 1127 0
848 1 848 0
902 1 902 0
931 1 931 0
1023 1 1023 0
941 1 941 0
1169 1 1169 0
1172 1 1172 0
971 1 971 0
821 1 821 0
824 1 824 0
1002 1 1002 0
896 1 896 0
1182 1 1182 0
1083 1 1083 0
1184 1 1184 0
822 1 822 0
1014 1 1014 0
810 1 810 0
912 1 912 0
876 1 876 0
856 1 856 0
849 1 849 0
877 1 877 0
1123 1 1123 0
1118 1 1118 0
1146 1 1146 0
1052 1 1052 0
962 1 962 0
1185 1 1185 0
927 1 927 0
1172 1 1172 0
1109 1 1109 0
1161 1 1161 0
864 1 864 0
852 1 852 0
1016 1 1016 0
1191 1 1191 0
906 1 906 0
998 1 998 0
874 1 874 0
1037 1 1037 0
964 1 964 0
830 1 830 0
1119 1 1119 0
827 1 827 0
842 1 842 0
868 1 868 0
908 1 908 0
844 1 844 0
856 1 856 0
1185 1 1185 0
1194 1 1194 0
850 1 850 0
979 1 979 0
908 1 908 0
879 1 879 0
1127 1 1127 0
1001 1 1001 0
1171 1 1171 0
1109 1 1109 0
1067 1 1067 0
1139 1 1139 0
935 1 935 0
852 1 852 0
1004 1 1004 0
921 1 921 0
956 1 956 0
1055 1 1055 0
991 1 991 0
911 1 911 0
1200 1 1200 0
1104 1 1104 0
813 1 813 0
1195 1 1195 0
853 1 853 0
868 1 868 0
1134 1 1134 0
882 1 882 0
1175 1 1175 0
879 1 879 0
809 1 809 0
1124 1 1124 0
854 1 854 0
847 1 847 0
855 1 855 0
1008 1 1008 0
810 1 810 0
847 1 847 0
943 1 943 0
1150 1 1150 0
1136 1 1136 0
833 1 833 0
879 1 879 0
873 1 873 0
1077 1 1077 0
938 1 938 0
1159 1 1159 0
1055 1 1055 0
935 1 935 0
947 1 947 0
930 1 930 0
1075 1 1075 0
882 1 882 0
1196 1 1196 0
960 1 960 0
915 1 915 0
1133 1 1133 0
895 1 895 0
1075 1 1075 0
1033 1 1033 0
817 1 817 0
819 1 819 0
872 1 872 0
1115 1 1115 0
1097 1 1097 0
1114 1 1114 0
806 1 806 0
1132 1 1132 0
1041 1 1041 0
1155 1 1155 0
1051 1 1051 0
1183 1 1183 0
861 1 861 0
992 1 992 0
1145 1 1145 0
997 1 997 0
903 1 903 0
916 1 916 0
1061 1 1061 0
834 1 834 0
1139 1 1139 0
1102 1 1102 0
872 1 872 0
916 1 916 0
826 1 826 0
1089 1 1089 0
1027 1 1027 0
929 1 929 0
976 1 976 0
977 1 977 0
1070 1 1070 0
800 1 800 0
909 1 909 0
1168 1 1168 0
1162 1 1162 0
910 1 910 0
944 1 944 0
901 1 901 0
956 1 956 0
1094 1 1094 0
1145 1 1145 0
1147 1 1147 0
1113 1 1113 0
1036 1 1036 0
1078 1 1078 0
991 1 991 0
1185 1 1185 0
1145 1 1145 0
903 1 903 0
992 1 992 0
1095 1 1095 0
1179 1 1179 0
970 1 970 0
1034 1 1034 0
1008 1 1008 0
1173 1 1173 0
910 1 910 0
951 1 951 0
1198 1 1198 0
1189 1 1189 0
1084 1 1084 0
1190 1 1190 0
1017 1 1017 0
899 1 899 0
881 1 881 0
965 1 965 0
954 1 954 0
1012 1 1012 0
879 1 879 0
1167 1 1167 0
1099 1 1099 0
1040 1 1040 0
867 1 867 0
1005 1 1005 0
946 1 946 0
923 1 923 0
1104 1 1104 0
914 1 914 0
804 1 804 0
1065 1 1065 0
1072 1 1072 0
806 1 806 0
1107 1 1107 0
1009 1 1009 0
1019 1 1019 0
1151 1 1151 0
945 1 945 0
1192 1 1192 0
837 1 837 0
836 1 836 0
1078 1 1078 0
815 1 815 0
1026 1 1026 0
1093 1 1093 0
1185 1 1185 0
1188 1 1188 0
903 1 903 0
846 1 846 0
961 1 961 0
1099 1 1099 0
1035 1 1035 0
924 1 924 0
916 1 916 0
886 1 886 0
801 1 801 0
847 1 847 0
1106 1 1106 0
856 1 856 0
838 1 838 0
1058 1 1058 0
945 1 945 0
1049 1 1049 0
801 1 801 0
864 1 864 0
899 1 899 0
886 1 886 0
951 1 951 0
1022 1 1022 0
955 1 955 0
1153 1 1153 0
890 1 890 0
919 1 919 0
1093 1 1093 0
1103 1 1103 0
1140 1 1140 0
964 1 964 0
979 1 979 0
925 1 925 0
838 1 838 0
1133 1 1133 0
800 1 800 0
962 1 962 0
1026 1 1026 0
870 1 870 0
1030 1 1030 0
922 1 922 0
937 1 937 0
1143 1 1143 0
815 1 815 0
1089 1 1089 0
942 1 942 0
831 1 831 0
1019 1 1019 0
857 1 857 0
1010 1 1010 0
1110 1 1110 0
1118 1 1118 0
916 1 916 0
1071 1 1071 0
1060 1 1060 0
843 1 843 0
921 1 921 0
1181 1 1181 0
995 1 995 0
998 1 998 0
1098 1 1098 0
846 1 846 0
1159 1 1159 0
938 1 938 0
833 1 833 0
876 1 876 0
802 1 802 0
837 1 837 0
1139 1 1139 0
890 1 890 0
1197 1 1197 0
1016 1 1016 0
907 1 907 0
1134 1 1134 0
1115 1 1115 0
1177 1 1177 0
1008 1 1008 0
1124 1 1124 0
928 1 928 0
1115 1 1115 0
1136 1 1136 0
802 1 802 0
1020 1 1020 0
897 1 897 0
804 1 804 0
802 1 802 0
1008 1 1008 0
804 1 804 0
1017 1 1017 0
928 1 928 0
1085 1 1085 0
1044 1 1044 0
1003 1 1003 0
1094 1 1094 0
1196 1 1196 0
834 1 834 0
1032 1 1032 0
963 1 963 0
1198 1 1198 0
1194 1 1194 0
888 1 888 0
1013 1 1013 0
1068 1 1068 0
1089 1 1089 0
1162 1 1162 0
1119 1 1119 0
896 1 896 0
978 1 978 0
918 1 918 0
1102 1 1102 0
1166 1 1166 0
1012 1 1012 0
1145 1 1145 0
927 1 927 0
908 1 908 0
931 1 931 0
1019 1 1019 0
940 1 940 0
1063 1 1063 0
809 1 809 0
1128 1 1128 0
988 1 988 0
1180 1 1180 0
1132 1 1132 0
833 1 833 0
966 1 966 0
1150 1 1150 0
970 1 970 0
1197 1 1197 0
1170 1 1170 0
1143 1 1143 0
826 1 826 0
894 1 894 0
1182 1 1182 0
948 1 948 0
814 1 814 0
1075 1 1075 0
859 1 859 0
1192 1 1192 0
911 1 911 0
1111 1 1111 0
1197 1 1197 0
893 1 893 0
968 1 968 0
1010 1 1010 0
855 1 855 0
1199 1 1199 0
961 1 961 0
1052 1 1052 0
1024 1 1024 0
1102 1 1102 0
873 1 873 0
926 1 926 0
832 1 832 0
849 1 849 0
1178 1 1178 0
1018 1 1018 0
842 1 842 0
943 1 943 0
1066 1 1066 0
1175 1 1175 0
827 1 827 0
1037 1 1037 0
1177 1 1177 0
829 1 829 0
1048 1 1048 0
988 1 988 0
1052 1 1052 0
895 1 895 0
1029 1 1029 0
952 1 952 0
1084 1 1084 0
897 1 897 0
1191 1 1191 0
1089 1 1089 0
839 1 839 0
948 1 948 0
805 1 805 0
991 1 991 0
1016 1 1016 0
1112 1 1112 0
1153 1 1153 0
952 1 952 0
837 1 837 0
1012 1 1012 0
1000 1 1000 0
1143 1 1143 0
849 1 849 0
1116 1 1116 0
1020 1 1020 0
1003 1 1003 0
1089 1 1089 0
865 1 865 0
1079 1 1079 0
1077 1 1077 0
1151 1 1151 0
1174 1 1174 0
1105 1 1105 0
1113 1 1113 0
1003 1 1003 0
1182 1 1182 0
1120 1 1120 0
837 1 837 0
981 1 981 0
1110 1 1110 0
1117 1 1117 0
963 1 963 0
804 1 804 0
1189 1 1189 0
1146 1 1146 0
1154 1 1154 0
918 1 918 0
921 1 921 0
1130 1 1130 0
809 1 809 0
839 1 839 0
1103 1 1103 0
800 1 800 0
1152 1 1152 0
1096 1 1096 0
1096 1 1096 0
1078 1 1078 0
1136 1 1136 0
1179 1 1179 0
960 1 960 0
1014 1 1014 0
813 1 813 0
889 1 889 0
958 1 958 0
1034 1 1034 0
1148 1 1148 0
1005 1 1005 0
947 1 947 0
1188 1 1188 0
974 1 974 0
1051 1 1051 0
1075 1 1075 0
972 1 972 0
837 1 837 0
941 1 941 0
1150 1 1150 0
1140 1 1140 0
896 1 896 0
908 1 908 0
1120 1 1120 0
1074 1 1074 0
1085 1 1085 0
1146 1 1146 0
848 1 848 0
891 1 891 0
878 1 878 0
1174 1 1174 0
1060 1 1060 0
950 1 950 0
1003 1 1003 0
1162 1 1162 0
937 1 937 0
1040 1 1040 0
1062 1 1062 0
1059 1 1059 0
948 1 948 0
1195 1 1195 0
857 1 857 0
944 1 944 0
835 1 835 0
941 1 941 0
1030 1 1030 0
1138 1 1138 0
1038 1 1038 0
1126 1 1126 0
1050 1 1050 0
993 1 993 0
827 1 827 0
869 1 869 0
1107 1 1107 0
879 1 879 0
1188 1 1188 0
972 1 972 0
1142 1 1142 0
852 1 852 0
895 1 895 0
990 1 990 0
860 1 860 0
1090 1 1090 0
859 1 859 0
1155 1 1155 0
1095 1 1095 0
1061 1 1061 0
802 1 802 0
1010 1 1010 0
917 1 917 0
1071 1 1071 0
1072 1 1072 0
977 1 977 0
1068 1 1068 0
1007 1 1007 0
1054 1 1054 0
1189 1 1189 0
906 1 906 0
1050 1 1050 0
864 1 864 0
1084 1 1084 0
927 1 927 0
906 1 906 0
833 1 833 0
1082 1 1082 0
