1.3
600
872 1 872 0
1195 1 1195 0
808 1 808 0
903 1 903 0
974 1 974 0
1190 1 1190 0
1150 1 1150 0
1092 1 1092 0
1115 1 1115 0
1098 1 1098 0
979 1 979 0
873 1 873 0
1037 1 1037 0
1149 1 1149 0
971 1 971 0
1018 1 1018 0
905 1 905 0
1049 1 1049 0
993 1 993 0
1020 1 1020 0
892 1 892 0
801 1 801 0
970 1 970 0
1102 1 1102 0
972 1 972 0
968 1 968 0
933 1 933 0
1016 1 1016 0
862 1 862 0
1105 1 1105 0
991 1 991 0
1110 1 1110 0
868 1 868 0
1095 1 1095 0
1196 1 1196 0
897 1 897 0
820 1 820 0
1194 1 1194 0
867 1 867 0
1139 1 1139 0
1035 1 1035 0
809 1 809 0
1080 1 1080 0
910 1 910 0
869 1 869 0
1159 1 1159 0
1106 1 1106 0
870 1 870 0
933 1 933 0
958 1 958 0
1062 1 1062 0
1097 1 1097 0
1160 1 1160 0
922 1 922 0
1099 1 1099 0
952 1 952 0
978 1 978 0
1117 1 1117 0
838 1 838 0
910 1 910 0
1009 1 1009 0
1021 1 1021 0
1041 1 1041 0
860 1 860 0
930 1 930 0
959 1 959 0
899 1 899 0
1099 1 1099 0
1193 1 1193 0
1197 1 1197 0
1093 1 1093 0
1068 1 1068 0
1081 1 1081 0
1116 1 1116 0
947 1 947 0
1142 1 1142 0
1038 1 1038 0
996 1 996 0
933 1 933 0
1111 1 1111 0
1168 1 1168 0
998 1 998 0
885 1 885 0
996 1 996 0
1027 1 1027 0
953 1 953 0
946 1 946 0
894 1 894 0
904 1 904 0
821 1 821 0
820 1 820 0
883 1 883 0
1170 1 1170 0
1113 1 1113 0
966 1 966 0
1198 1 1198 0
946 1 946 0
871 1 871 0
874 1 874 0
813 1 813 0
1083 1 1083 0
1000 1 1000 0
1018 1 1018 0
1030 1 1030 0
1090 1 1090 0
1153 1 1153 0
1002 1 1002 0
1086 1 1086 0
977 1 977 0
904 1 904 0
925 1 925 0
1058 1 1058 0
985 1 985 0
1010 1 1010 0
1110 1 1110 0
910 1 910 0
980 1 980 0
802 1 802 0
1110 1 1110 0
819 1 819 0
1092 1 1092 0
1018 1 1018 0
962 1 962 0
833 1 833 0
1064 1 1064 0
940 1 940 0
819 1 819 0
1071 1 1071 0
860 1 860 0
847 1 847 0
815 1 815 0
1022 1 1022 0
1020 1 1020 0
1088 1 1088 0
914 1 914 0
957 1 957 0
1167 1 1167 0
1200 1 1200 0
916 1 916 0
1193 1 1193 0
908 1 908 0
1082 1 1082 0
1168 1 1168 0
1093 1 1093 0
915 1 915 0
1044 1 1044 0
883 1 883 0
1116 1 1116 0
1101 1 1101 0
927 1 927 0
1018 1 1018 0
996 1 996 0
1116 1 1116 0
1127 1 1127 0
1198 1 1198 0
1169 1 1169 0
1134 1 1134 0
1025 1 1025 0
1139 1 1139 0
1170 1 1170 0
1018 1 1018 0
826 1 826 0
897 1 897 0
1172 1 1172 0
1164 1 1164 0
1021 1 1021 0
1010 1 1010 0
1190 1 1190 0
1098 1 1098 0
983 1 983 0
1072 1 1072 0
803 1 803 0
1188 1 1188 0
1052 1 1052 0
998 1 998 0
835 1 835 0
1153 1 1153 0
967 1 967 0
1011 1 1011 0
1056 1 1056 0
1127 1 1127 0
914 1 914 0
1156 1 1156 0
817 1 817 0
1098 1 1098 0
1075 1 1075 0
986 1 986 0
1070 1 1070 0
988 1 988 0
980 1 980 0
1087 1 1087 0
1067 1 1067 0
854 1 854 0
1136 1 1136 0
864 1 864 0
859 1 859 0
1080 1 1080 0
1076 1 1076 0
809 1 809 0
1063 1 1063 0
806 1 806 0
957 1 957 0
1145 1 1145 0
1199 1 1199 0
1014 1 1014 0
992 1 992 0
993 1 993 0
837 1 837 0
942 1 942 0
1107 1 1107 0
1048 1 1048 0
959 1 959 0
1058 1 1058 0
1041 1 1041 0
885 1 885 0
983 1 983 0
874 1 874 0
977 1 977 0
941 1 941 0
1163 1 1163 0
1121 1 1121 0
981 1 981 0
839 1 839 0
891 1 891 0
1148 1 1148 0
886 1 886 0
1118 1 1118 0
978 1 978 0
912 1 912 0
991 1 991 0
1097 1 1097 0
1169 1 1169 0
1138 1 1138 0
1154 1 1154 0
990 1 990 0
825 1 825 0
1018 1 1018 0
1185 1 1185 0
821 1 821 0
1105 1 1105 0
1064 1 1064 0
1058 1 1058 0
973 1 973 0
1145 1 1145 0
1060 1 1060 0
960 1 960 0
891 1 891 0
1164 1 1164 0
1069 1 1069 0
1128 1 1128 0
1011 1 1011 0
933 1 933 0
810 1 810 0
923 1 923 0
805 1 805 0
884 1 884 0
1146 1 1146 0
1143 1 1143 0
1086 1 1086 0
813 1 813 0
1033 1 1033 0
1175 1 1175 0
824 1 824 0
1161 1 1161 0
1157 1 1157 0
1039 1 1039 0
1125 1 1125 0
949 1 949 0
877 1 877 0
1007 1 1007 0
1125 1 1125 0
1187 1 1187 0
1196 1 1196 0
965 1 965 0
1038 1 1038 0
915 1 915 0
994 1 994 0
1147 1 1147 0
1077 1 1077 0
820 1 820 0
806 1 806 0
1022 1 1022 0
996 1 996 0
883 1 883 0
873 1 873 0
977 1 977 0
833 1 833 0
1036 1 1036 0
989 1 989 0
1135 1 1135 0
1060 1 1060 0
1159 1 1159 0
992 1 992 0
998 1 998 0
959 1 959 0
1149 1 1149 0
1065 1 1065 0
1090 1 1090 0
1145 1 1145 0
832 1 832 0
918 1 918 0
1117 1 1117 0
1017 1 1017 0
937 1 937 0
1063 1 1063 0
884 1 884 0
862 1 862 0
976 1 976 0
974 1 974 0
1017 1 1017 0
874 1 874 0
1075 1 1075 0
859 1 859 0
1019 1 1019 0
883 1 883 0
1173 1 1173 0
1171 1 1171 0
1096 1 1096 0
1182 1 1182 0
1054 1 1054 0
1184 1 1184 0
977 1 977 0
947 1 947 0
990 1 990 0
1001 1 1001 0
1099 1 1099 0
905 1 905 0
987 1 987 0
1002 1 1002 0
846 1 846 0
838 1 838 0
1007 1 1007 0
929 1 929 0
954 1 954 0
920 1 920 0
1123 1 1123 0
839 1 839 0
1166 1 1166 0
1159 1 1159 0
899 1 899 0
936 1 936 0
1055 1 1055 0
1091 1 1091 0
910 1 910 0
958 1 958 0
1136 1 1136 0
1060 1 1060 0
869 1 869 0
1163 1 1163 0
1077 1 1077 0
844 1 844 0
826 1 826 0
934 1 934 0
1160 1 1160 0
1136 1 1136 0
1087 1 1087 0
841 1 841 0
1003 1 1003 0
995 1 995 0
1040 1 1040 0
995 1 995 0
857 1 857 0
921 1 921 0
1092 1 1092 0
833 1 833 0
903 1 903 0
1011 1 1011 0
899 1 899 0
1067 1 1067 0
931 1 931 0
1082 1 1082 0
1109 1 1109 0
957 1 957 0
890 1 890 0
1073 1 1073 0
1031 1 1031 0
1126 1 1126 0
1188 1 1188 0
1100 1 1100 0
1175 1 1175 0
1120 1 1120 0
999 1 999 0
814 1 814 0
925 1 925 0
1030 1 1030 0
1158 1 1158 0
1131 1 1131 0
1168 1 1168 0
938 1 938 0
1121 1 1121 0
937 1 937 0
834 1 834 0
1119 1 1119 0
904 1 904 0
1128 1 1128 0
939 1 939 0
1026 1 1026 0
815 1 815 0
1117 1 1117 0
1187 1 1187 0
1122 1 1122 0
981 1 981 0
1082 1 1082 0
1072 1 1072 0
901 1 901 0
1165 1 1165 0
1127 1 1127 0
1095 1 1095 0
837 1 837 0
910 1 910 0
1051 1 1051 0
1006 1 1006 0
975 1 975 0
1085 1 1085 0
1184 1 1184 0
1169 1 1169 0
852 1 852 0
997 1 997 0
982 1 982 0
1073 1 1073 0
1198 1 1198 0
890 1 890 0
895 1 895 0
1032 1 1032 0
1038 1 1038 0
948 1 948 0
1093 1 1093 0
813 1 813 0
1158 1 1158 0
887 1 887 0
989 1 989 0
872 1 872 0
1176 1 1176 0
932 1 932 0
872 1 872 0
1159 1 1159 0
939 1 939 0
888 1 888 0
810 1 810 0
925 1 925 0
944 1 944 0
1052 1 1052 0
1019 1 1019 0
1031 1 1031 0
893 1 893 0
990 1 990 0
1152 1 1152 0
961 1 961 0
975 1 975 0
1067 1 1067 0
1085 1 1085 0
806 1 806 0
1156 1 1156 0
867 1 867 0
1032 1 1032 0
937 1 937 0
1081 1 1081 0
1096 1 1096 0
834 1 834 0
974 1 974 0
1053 1 1053 0
1002 1 1002 0
972 1 972 0
804 1 804 0
964 1 964 0
1186 1 1186 0
1193 1 1193 0
1063 1 1063 0
1036 1 1036 0
1188 1 1188 0
801 1 801 0
854 1 854 0
899 1 899 0
898 1 898 0
1118 1 1118 0
812 1 812 0
1075 1 1075 0
1147 1 1147 0
873 1 873 0
931 1 931 0
1043 1 1043 0
805 1 805 0
817 1 817 0
851 1 851 0
820 1 820 0
1099 1 1099 0
881 1 881 0
838 1 838 0
1112 1 1112 0
1058 1 1058 0
844 1 844 0
957 1 957 0
821 1 821 0
1073 1 1073 0
1079 1 1079 0
1188 1 1188 0
1041 1 1041 0
1073 1 1073 0
881 1 881 0
985 1 985 0
857 1 857 0
1171 1 1171 0
897 1 897 0
812 1 812 0
1086 1 1086 0
1192 1 1192 0
982 1 982 0
873 1 873 0
988 1 988 0
1169 1 1169 0
935 1 935 0
890 1 890 0
1083 1 1083 0
1166 1 1166 0
952 1 952 0
1164 1 1164 0
834 1 834 0
983 1 983 0
846 1 846 0
912 1 912 0
815 1 815 0
941 1 941 0
1002 1 1002 0
1024 1 1024 0
906 1 906 0
1006 1 1006 0
891 1 891 0
848 1 848 0
841 1 841 0
956 1 956 0
1057 1 1057 0
943 1 943 0
885 1 885 0
814 1 814 0
972 1 972 0
838 1 838 0
1123 1 1123 0
850 1 850 0
1007 1 1007 0
1153 1 1153 0
1115 1 1115 0
910 1 910 0
939 1 939 0
1002 1 1002 0
898 1 898 0
930 1 930 0
944 1 944 0
884 1 884 0
929 1 929 0
849 1 849 0
845 1 845 0
982 1 982 0
892 1 892 0
835 1 835 0
999 1 999 0
1158 1 1158 0
1046 1 1046 0
839 1 839 0
967 1 967 0
854 1 854 0
919 1 919 0
994 1 994 0
1085 1 1085 0
1084 1 1084 0
880 1 880 0
919 1 919 0
1186 1 1186 0
1080 1 1080 0
937 1 937 0
875 1 875 0
900 1 900 0
986 1 986 0
971 1 971 0
1190 1 1190 0
827 1 827 0
1180 1 1180 0
914 1 914 0
851 1 851 0
867 1 867 0
815 1 815 0
1066 1 1066 0
1068 1 1068 0
1015 1 1015 0
997 1 997 0
894 1 894 0
1077 1 1077 0
1090 1 1090 0
944 1 944 0
854 1 854 0
980 1 980 0
1084 1 1084 0
1048 1 1048 0
1061 1 1061 0
924 1 924 0
820 1 820 0
1129 1 1129 0
809 1 809 0
958 1 958 0
878 1 878 0
951 1 951 0
