1.1
600
479 1 479 0
560 1 560 0
444 1 444 0
572 1 572 0
532 1 532 0
441 1 441 0
441 1 441 0
768 1 768 0
466 1 466 0
636 1 636 0
742 1 742 0
595 1 595 0
550 1 550 0
772 1 772 0
740 1 740 0
576 1 576 0
750 1 750 0
452 1 452 0
673 1 673 0
791 1 791 0
731 1 731 0
768 1 768 0
410 1 410 0
676 1 676 0
593 1 593 0
500 1 500 0
700 1 700 0
544 1 544 0
616 1 616 0
489 1 489 0
624 1 624 0
774 1 774 0
476 1 476 0
667 1 667 0
793 1 793 0
763 1 763 0
600 1 600 0
649 1 649 0
833 1 833 0
485 1 485 0
646 1 646 0
606 1 606 0
840 1 840 0
646 1 646 0
353 1 353 0
615 1 615 0
805 1 805 0
565 1 565 0
819 1 819 0
531 1 531 0
471 1 471 0
453 1 453 0
398 1 398 0
407 1 407 0
781 1 781 0
547 1 547 0
670 1 670 0
602 1 602 0
749 1 749 0
490 1 490 0
695 1 695 0
423 1 423 0
384 1 384 0
513 1 513 0
399 1 399 0
641 1 641 0
394 1 394 0
507 1 507 0
354 1 354 0
520 1 520 0
692 1 692 0
507 1 507 0
546 1 546 0
467 1 467 0
564 1 564 0
610 1 610 0
687 1 687 0
688 1 688 0
581 1 581 0
502 1 502 0
648 1 648 0
827 1 827 0
591 1 591 0
748 1 748 0
847 1 847 0
367 1 367 0
590 1 590 0
754 1 754 0
369 1 369 0
844 1 844 0
834 1 834 0
812 1 812 0
652 1 652 0
812 1 812 0
640 1 640 0
643 1 643 0
665 1 665 0
514 1 514 0
384 1 384 0
428 1 428 0
493 1 493 0
803 1 803 0
670 1 670 0
653 1 653 0
695 1 695 0
592 1 592 0
717 1 717 0
416 1 416 0
743 1 743 0
711 1 711 0
449 1 449 0
464 1 464 0
844 1 844 0
787 1 787 0
614 1 614 0
513 1 513 0
755 1 755 0
467 1 467 0
684 1 684 0
392 1 392 0
440 1 440 0
594 1 594 0
379 1 379 0
842 1 842 0
732 1 732 0
486 1 486 0
662 1 662 0
730 1 730 0
500 1 500 0
604 1 604 0
802 1 802 0
579 1 579 0
553 1 553 0
601 1 601 0
841 1 841 0
492 1 492 0
643 1 643 0
771 1 771 0
546 1 546 0
554 1 554 0
801 1 801 0
514 1 514 0
828 1 828 0
834 1 834 0
658 1 658 0
809 1 809 0
568 1 568 0
761 1 761 0
384 1 384 0
386 1 386 0
672 1 672 0
618 1 618 0
403 1 403 0
421 1 421 0
370 1 370 0
801 1 801 0
468 1 468 0
478 1 478 0
670 1 670 0
558 1 558 0
557 1 557 0
507 1 507 0
754 1 754 0
515 1 515 0
412 1 412 0
496 1 496 0
557 1 557 0
509 1 509 0
537 1 537 0
561 1 561 0
741 1 741 0
639 1 639 0
723 1 723 0
460 1 460 0
582 1 582 0
653 1 653 0
409 1 409 0
669 1 669 0
373 1 373 0
437 1 437 0
353 1 353 0
469 1 469 0
581 1 581 0
433 1 433 0
523 1 523 0
770 1 770 0
358 1 358 0
542 1 542 0
533 1 533 0
583 1 583 0
841 1 841 0
621 1 621 0
553 1 553 0
778 1 778 0
668 1 668 0
380 1 380 0
538 1 538 0
573 1 573 0
642 1 642 0
456 1 456 0
409 1 409 0
589 1 589 0
627 1 627 0
719 1 719 0
672 1 672 0
609 1 609 0
533 1 533 0
357 1 357 0
444 1 444 0
410 1 410 0
483 1 483 0
514 1 514 0
840 1 840 0
680 1 680 0
803 1 803 0
668 1 668 0
762 1 762 0
416 1 416 0
834 1 834 0
401 1 401 0
366 1 366 0
764 1 764 0
426 1 426 0
492 1 492 0
657 1 657 0
370 1 370 0
491 1 491 0
597 1 597 0
818 1 818 0
386 1 386 0
678 1 678 0
448 1 448 0
594 1 594 0
796 1 796 0
492 1 492 0
398 1 398 0
536 1 536 0
752 1 752 0
366 1 366 0
839 1 839 0
603 1 603 0
631 1 631 0
718 1 718 0
530 1 530 0
503 1 503 0
724 1 724 0
784 1 784 0
777 1 777 0
733 1 733 0
520 1 520 0
461 1 461 0
549 1 549 0
675 1 675 0
612 1 612 0
784 1 784 0
827 1 827 0
655 1 655 0
575 1 575 0
540 1 540 0
715 1 715 0
825 1 825 0
602 1 602 0
427 1 427 0
477 1 477 0
780 1 780 0
414 1 414 0
449 1 449 0
508 1 508 0
593 1 593 0
810 1 810 0
771 1 771 0
794 1 794 0
835 1 835 0
382 1 382 0
815 1 815 0
701 1 701 0
758 1 758 0
444 1 444 0
596 1 596 0
398 1 398 0
622 1 622 0
378 1 378 0
631 1 631 0
718 1 718 0
531 1 531 0
819 1 819 0
645 1 645 0
490 1 490 0
765 1 765 0
668 1 668 0
747 1 747 0
657 1 657 0
806 1 806 0
720 1 720 0
560 1 560 0
756 1 756 0
393 1 393 0
824 1 824 0
605 1 605 0
658 1 658 0
803 1 803 0
389 1 389 0
797 1 797 0
719 1 719 0
680 1 680 0
835 1 835 0
609 1 609 0
365 1 365 0
473 1 473 0
744 1 744 0
548 1 548 0
684 1 684 0
357 1 357 0
600 1 600 0
578 1 578 0
365 1 365 0
503 1 503 0
651 1 651 0
628 1 628 0
523 1 523 0
427 1 427 0
652 1 652 0
661 1 661 0
558 1 558 0
405 1 405 0
414 1 414 0
538 1 538 0
812 1 812 0
787 1 787 0
402 1 402 0
461 1 461 0
635 1 635 0
439 1 439 0
656 1 656 0
490 1 490 0
719 1 719 0
827 1 827 0
532 1 532 0
824 1 824 0
655 1 655 0
419 1 419 0
783 1 783 0
705 1 705 0
582 1 582 0
645 1 645 0
744 1 744 0
610 1 610 0
808 1 808 0
771 1 771 0
788 1 788 0
654 1 654 0
472 1 472 0
415 1 415 0
587 1 587 0
493 1 493 0
759 1 759 0
550 1 550 0
794 1 794 0
423 1 423 0
491 1 491 0
840 1 840 0
351 1 351 0
521 1 521 0
447 1 447 0
396 1 396 0
507 1 507 0
835 1 835 0
506 1 506 0
483 1 483 0
472 1 472 0
510 1 510 0
633 1 633 0
590 1 590 0
695 1 695 0
825 1 825 0
843 1 843 0
611 1 611 0
691 1 691 0
733 1 733 0
414 1 414 0
785 1 785 0
378 1 378 0
483 1 483 0
803 1 803 0
824 1 824 0
817 1 817 0
698 1 698 0
387 1 387 0
802 1 802 0
423 1 423 0
533 1 533 0
478 1 478 0
353 1 353 0
773 1 773 0
597 1 597 0
809 1 809 0
807 1 807 0
560 1 560 0
390 1 390 0
574 1 574 0
631 1 631 0
436 1 436 0
481 1 481 0
571 1 571 0
386 1 386 0
709 1 709 0
372 1 372 0
716 1 716 0
503 1 503 0
783 1 783 0
396 1 396 0
710 1 710 0
786 1 786 0
835 1 835 0
727 1 727 0
378 1 378 0
498 1 498 0
836 1 836 0
442 1 442 0
814 1 814 0
452 1 452 0
625 1 625 0
452 1 452 0
561 1 561 0
596 1 596 0
350 1 350 0
843 1 843 0
357 1 357 0
605 1 605 0
808 1 808 0
667 1 667 0
622 1 622 0
759 1 759 0
457 1 457 0
813 1 813 0
433 1 433 0
833 1 833 0
527 1 527 0
590 1 590 0
519 1 519 0
515 1 515 0
660 1 660 0
645 1 645 0
741 1 741 0
386 1 386 0
437 1 437 0
843 1 843 0
405 1 405 0
850 1 850 0
623 1 623 0
802 1 802 0
370 1 370 0
672 1 672 0
380 1 380 0
739 1 739 0
511 1 511 0
736 1 736 0
418 1 418 0
748 1 748 0
572 1 572 0
675 1 675 0
708 1 708 0
709 1 709 0
405 1 405 0
543 1 543 0
426 1 426 0
464 1 464 0
449 1 449 0
808 1 808 0
613 1 613 0
689 1 689 0
603 1 603 0
813 1 813 0
469 1 469 0
718 1 718 0
809 1 809 0
762 1 762 0
502 1 502 0
498 1 498 0
405 1 405 0
582 1 582 0
528 1 528 0
770 1 770 0
497 1 497 0
446 1 446 0
723 1 723 0
686 1 686 0
394 1 394 0
734 1 734 0
824 1 824 0
504 1 504 0
542 1 542 0
630 1 630 0
776 1 776 0
831 1 831 0
820 1 820 0
837 1 837 0
446 1 446 0
712 1 712 0
646 1 646 0
352 1 352 0
747 1 747 0
501 1 501 0
416 1 416 0
455 1 455 0
443 1 443 0
397 1 397 0
730 1 730 0
620 1 620 0
841 1 841 0
629 1 629 0
447 1 447 0
543 1 543 0
663 1 663 0
799 1 799 0
785 1 785 0
404 1 404 0
432 1 432 0
774 1 774 0
694 1 694 0
441 1 441 0
437 1 437 0
442 1 442 0
803 1 803 0
835 1 835 0
484 1 484 0
791 1 791 0
731 1 731 0
795 1 795 0
453 1 453 0
738 1 738 0
585 1 585 0
645 1 645 0
661 1 661 0
717 1 717 0
444 1 444 0
594 1 594 0
662 1 662 0
391 1 391 0
769 1 769 0
611 1 611 0
538 1 538 0
825 1 825 0
587 1 587 0
694 1 694 0
845 1 845 0
547 1 547 0
542 1 542 0
789 1 789 0
846 1 846 0
824 1 824 0
652 1 652 0
434 1 434 0
597 1 597 0
680 1 680 0
406 1 406 0
703 1 703 0
481 1 481 0
742 1 742 0
556 1 556 0
586 1 586 0
602 1 602 0
804 1 804 0
666 1 666 0
642 1 642 0
798 1 798 0
774 1 774 0
705 1 705 0
834 1 834 0
739 1 739 0
566 1 566 0
681 1 681 0
601 1 601 0
606 1 606 0
355 1 355 0
816 1 816 0
795 1 795 0
515 1 515 0
690 1 690 0
417 1 417 0
523 1 523 0
404 1 404 0
372 1 372 0
405 1 405 0
483 1 483 0
594 1 594 0
391 1 391 0
503 1 503 0
425 1 425 0
804 1 804 0
807 1 807 0
351 1 351 0
472 1 472 0
833 1 833 0
453 1 453 0
615 1 615 0
667 1 667 0
754 1 754 0
548 1 548 0
661 1 661 0
