1.1
600
692 1 692 0
819 1 819 0
532 1 532 0
805 1 805 0
688 1 688 0
472 1 472 0
487 1 487 0
409 1 409 0
546 1 546 0
535 1 535 0
840 1 840 0
527 1 527 0
791 1 791 0
701 1 701 0
483 1 483 0
404 1 404 0
419 1 419 0
687 1 687 0
536 1 536 0
443 1 443 0
543 1 543 0
597 1 597 0
557 1 557 0
645 1 645 0
364 1 364 0
398 1 398 0
568 1 568 0
579 1 579 0
391 1 391 0
727 1 727 0
786 1 786 0
756 1 756 0
767 1 767 0
783 1 783 0
402 1 402 0
546 1 546 0
744 1 744 0
572 1 572 0
420 1 420 0
759 1 759 0
483 1 483 0
734 1 734 0
685 1 685 0
617 1 617 0
474 1 474 0
580 1 580 0
617 1 617 0
592 1 592 0
578 1 578 0
602 1 602 0
401 1 401 0
564 1 564 0
751 1 751 0
552 1 552 0
753 1 753 0
766 1 766 0
479 1 479 0
509 1 509 0
850 1 850 0
748 1 748 0
685 1 685 0
495 1 495 0
719 1 719 0
379 1 379 0
390 1 390 0
823 1 823 0
644 1 644 0
449 1 449 0
726 1 726 0
665 1 665 0
526 1 526 0
657 1 657 0
432 1 432 0
516 1 516 0
661 1 661 0
652 1 652 0
705 1 705 0
660 1 660 0
430 1 430 0
666 1 666 0
829 1 829 0
411 1 411 0
417 1 417 0
473 1 473 0
664 1 664 0
653 1 653 0
362 1 362 0
615 1 615 0
766 1 766 0
766 1 766 0
668 1 668 0
780 1 780 0
509 1 509 0
799 1 799 0
549 1 549 0
658 1 658 0
793 1 793 0
695 1 695 0
584 1 584 0
373 1 373 0
429 1 429 0
810 1 810 0
704 1 704 0
847 1 847 0
669 1 669 0
388 1 388 0
764 1 764 0
476 1 476 0
420 1 420 0
485 1 485 0
388 1 388 0
651 1 651 0
369 1 369 0
802 1 802 0
762 1 762 0
765 1 765 0
485 1 485 0
635 1 635 0
450 1 450 0
809 1 809 0
766 1 766 0
373 1 373 0
668 1 668 0
604 1 604 0
407 1 407 0
823 1 823 0
641 1 641 0
489 1 489 0
798 1 798 0
827 1 827 0
606 1 606 0
848 1 848 0
403 1 403 0
638 1 638 0
444 1 444 0
421 1 421 0
839 1 839 0
754 1 754 0
723 1 723 0
725 1 725 0
506 1 506 0
444 1 444 0
525 1 525 0
825 1 825 0
471 1 471 0
382 1 382 0
597 1 597 0
485 1 485 0
819 1 819 0
590 1 590 0
821 1 821 0
357 1 357 0
434 1 434 0
435 1 435 0
396 1 396 0
753 1 753 0
427 1 427 0
579 1 579 0
638 1 638 0
411 1 411 0
471 1 471 0
496 1 496 0
749 1 749 0
408 1 408 0
610 1 610 0
806 1 806 0
352 1 352 0
802 1 802 0
544 1 544 0
642 1 642 0
554 1 554 0
390 1 390 0
585 1 585 0
821 1 821 0
765 1 765 0
589 1 589 0
737 1 737 0
503 1 503 0
609 1 609 0
487 1 487 0
351 1 351 0
761 1 761 0
598 1 598 0
586 1 586 0
615 1 615 0
459 1 459 0
543 1 543 0
537 1 537 0
490 1 490 0
356 1 356 0
736 1 736 0
570 1 570 0
450 1 450 0
592 1 592 0
506 1 506 0
406 1 406 0
813 1 813 0
496 1 496 0
519 1 519 0
715 1 715 0
384 1 384 0
422 1 422 0
499 1 499 0
542 1 542 0
550 1 550 0
778 1 778 0
368 1 368 0
653 1 653 0
695 1 695 0
638 1 638 0
574 1 574 0
673 1 673 0
547 1 547 0
665 1 665 0
797 1 797 0
604 1 604 0
406 1 406 0
524 1 524 0
476 1 476 0
805 1 805 0
411 1 411 0
745 1 745 0
837 1 837 0
661 1 661 0
384 1 384 0
671 1 671 0
714 1 714 0
687 1 687 0
724 1 724 0
479 1 479 0
468 1 468 0
774 1 774 0
380 1 380 0
478 1 478 0
734 1 734 0
808 1 808 0
646 1 646 0
811 1 811 0
374 1 374 0
698 1 698 0
360 1 360 0
714 1 714 0
472 1 472 0
392 1 392 0
781 1 781 0
743 1 743 0
712 1 712 0
417 1 417 0
822 1 822 0
505 1 505 0
462 1 462 0
639 1 639 0
354 1 354 0
524 1 524 0
720 1 720 0
398 1 398 0
734 1 734 0
580 1 580 0
391 1 391 0
603 1 603 0
803 1 803 0
483 1 483 0
552 1 552 0
625 1 625 0
356 1 356 0
380 1 380 0
633 1 633 0
487 1 487 0
840 1 840 0
622 1 622 0
764 1 764 0
758 1 758 0
629 1 629 0
531 1 531 0
563 1 563 0
405 1 405 0
386 1 386 0
692 1 692 0
518 1 518 0
595 1 595 0
407 1 407 0
814 1 814 0
589 1 589 0
413 1 413 0
604 1 604 0
692 1 692 0
394 1 394 0
550 1 550 0
537 1 537 0
849 1 849 0
542 1 542 0
402 1 402 0
652 1 652 0
385 1 385 0
450 1 450 0
517 1 517 0
470 1 470 0
633 1 633 0
760 1 760 0
585 1 585 0
788 1 788 0
847 1 847 0
642 1 642 0
659 1 659 0
396 1 396 0
363 1 363 0
587 1 587 0
483 1 483 0
660 1 660 0
614 1 614 0
702 1 702 0
555 1 555 0
665 1 665 0
440 1 440 0
658 1 658 0
546 1 546 0
601 1 601 0
364 1 364 0
744 1 744 0
666 1 666 0
671 1 671 0
718 1 718 0
464 1 464 0
424 1 424 0
535 1 535 0
471 1 471 0
548 1 548 0
690 1 690 0
770 1 770 0
394 1 394 0
569 1 569 0
499 1 499 0
760 1 760 0
546 1 546 0
549 1 549 0
850 1 850 0
724 1 724 0
847 1 847 0
650 1 650 0
810 1 810 0
385 1 385 0
720 1 720 0
710 1 710 0
837 1 837 0
478 1 478 0
362 1 362 0
634 1 634 0
377 1 377 0
726 1 726 0
725 1 725 0
454 1 454 0
412 1 412 0
601 1 601 0
423 1 423 0
477 1 477 0
608 1 608 0
498 1 498 0
405 1 405 0
623 1 623 0
507 1 507 0
548 1 548 0
474 1 474 0
526 1 526 0
517 1 517 0
605 1 605 0
839 1 839 0
499 1 499 0
420 1 420 0
749 1 749 0
617 1 617 0
722 1 722 0
379 1 379 0
617 1 617 0
729 1 729 0
755 1 755 0
487 1 487 0
809 1 809 0
780 1 780 0
443 1 443 0
747 1 747 0
479 1 479 0
801 1 801 0
368 1 368 0
643 1 643 0
367 1 367 0
810 1 810 0
439 1 439 0
556 1 556 0
509 1 509 0
813 1 813 0
354 1 354 0
738 1 738 0
807 1 807 0
673 1 673 0
505 1 505 0
568 1 568 0
436 1 436 0
843 1 843 0
396 1 396 0
506 1 506 0
778 1 778 0
509 1 509 0
372 1 372 0
484 1 484 0
583 1 583 0
544 1 544 0
807 1 807 0
676 1 676 0
497 1 497 0
781 1 781 0
453 1 453 0
574 1 574 0
562 1 562 0
380 1 380 0
644 1 644 0
531 1 531 0
577 1 577 0
602 1 602 0
777 1 777 0
589 1 589 0
797 1 797 0
354 1 354 0
729 1 729 0
525 1 525 0
530 1 530 0
503 1 503 0
598 1 598 0
628 1 628 0
595 1 595 0
661 1 661 0
753 1 753 0
502 1 502 0
389 1 389 0
829 1 829 0
819 1 819 0
643 1 643 0
708 1 708 0
741 1 741 0
581 1 581 0
626 1 626 0
527 1 527 0
697 1 697 0
717 1 717 0
612 1 612 0
578 1 578 0
411 1 411 0
359 1 359 0
810 1 810 0
707 1 707 0
501 1 501 0
351 1 351 0
408 1 408 0
375 1 375 0
616 1 616 0
480 1 480 0
594 1 594 0
487 1 487 0
750 1 750 0
475 1 475 0
549 1 549 0
530 1 530 0
466 1 466 0
783 1 783 0
702 1 702 0
646 1 646 0
549 1 549 0
531 1 531 0
695 1 695 0
609 1 609 0
478 1 478 0
641 1 641 0
550 1 550 0
539 1 539 0
756 1 756 0
782 1 782 0
656 1 656 0
757 1 757 0
724 1 724 0
521 1 521 0
638 1 638 0
571 1 571 0
650 1 650 0
480 1 480 0
357 1 357 0
488 1 488 0
806 1 806 0
668 1 668 0
518 1 518 0
452 1 452 0
661 1 661 0
594 1 594 0
825 1 825 0
784 1 784 0
535 1 535 0
352 1 352 0
779 1 779 0
531 1 531 0
713 1 713 0
731 1 731 0
689 1 689 0
467 1 467 0
388 1 388 0
426 1 426 0
491 1 491 0
418 1 418 0
416 1 416 0
559 1 559 0
417 1 417 0
813 1 813 0
793 1 793 0
369 1 369 0
510 1 510 0
697 1 697 0
762 1 762 0
831 1 831 0
778 1 778 0
846 1 846 0
594 1 594 0
751 1 751 0
427 1 427 0
759 1 759 0
566 1 566 0
756 1 756 0
766 1 766 0
608 1 608 0
544 1 544 0
457 1 457 0
424 1 424 0
820 1 820 0
370 1 370 0
411 1 411 0
845 1 845 0
642 1 642 0
603 1 603 0
694 1 694 0
718 1 718 0
727 1 727 0
688 1 688 0
434 1 434 0
833 1 833 0
656 1 656 0
411 1 411 0
380 1 380 0
774 1 774 0
845 1 845 0
711 1 711 0
837 1 837 0
559 1 559 0
575 1 575 0
616 1 616 0
482 1 482 0
602 1 602 0
781 1 781 0
589 1 589 0
731 1 731 0
744 1 744 0
446 1 446 0
363 1 363 0
647 1 647 0
849 1 849 0
772 1 772 0
736 1 736 0
778 1 778 0
734 1 734 0
690 1 690 0
841 1 841 0
770 1 770 0
809 1 809 0
779 1 779 0
721 1 721 0
635 1 635 0
639 1 639 0
749 1 749 0
446 1 446 0
785 1 785 0
698 1 698 0
735 1 735 0
431 1 431 0
848 1 848 0
372 1 372 0
549 1 549 0
484 1 484 0
690 1 690 0
555 1 555 0
686 1 686 0
637 1 637 0
492 1 492 0
821 1 821 0
717 1 717 0
555 1 555 0
848 1 848 0
747 1 747 0
720 1 720 0
782 1 782 0
777 1 777 0
414 1 414 0
697 1 697 0
390 1 390 0
765 1 765 0
647 1 647 0
