1.1
600
819 1 819 0
509 1 509 0
431 1 431 0
568 1 568 0
424 1 424 0
749 1 749 0
821 1 821 0
415 1 415 0
691 1 691 0
812 1 812 0
577 1 577 0
417 1 417 0
576 1 576 0
838 1 838 0
588 1 588 0
723 1 723 0
470 1 470 0
736 1 736 0
370 1 370 0
493 1 493 0
459 1 459 0
501 1 501 0
471 1 471 0
713 1 713 0
807 1 807 0
463 1 463 0
848 1 848 0
587 1 587 0
602 1 602 0
633 1 633 0
659 1 659 0
591 1 591 0
734 1 734 0
425 1 425 0
717 1 717 0
705 1 705 0
742 1 742 0
790 1 790 0
628 1 628 0
470 1 470 0
692 1 692 0
556 1 556 0
691 1 691 0
663 1 663 0
763 1 763 0
743 1 743 0
742 1 742 0
627 1 627 0
789 1 789 0
447 1 447 0
837 1 837 0
614 1 614 0
560 1 560 0
488 1 488 0
811 1 811 0
498 1 498 0
459 1 459 0
430 1 430 0
845 1 845 0
377 1 377 0
693 1 693 0
659 1 659 0
355 1 355 0
763 1 763 0
382 1 382 0
357 1 357 0
812 1 812 0
738 1 738 0
462 1 462 0
449 1 449 0
564 1 564 0
463 1 463 0
545 1 545 0
526 1 526 0
834 1 834 0
413 1 413 0
706 1 706 0
547 1 547 0
638 1 638 0
606 1 606 0
756 1 756 0
680 1 680 0
795 1 795 0
482 1 482 0
487 1 487 0
612 1 612 0
641 1 641 0
551 1 551 0
780 1 780 0
422 1 422 0
374 1 374 0
352 1 352 0
425 1 425 0
692 1 692 0
546 1 546 0
623 1 623 0
623 1 623 0
514 1 514 0
463 1 463 0
415 1 415 0
402 1 402 0
845 1 845 0
709 1 709 0
776 1 776 0
489 1 489 0
605 1 605 0
828 1 828 0
661 1 661 0
787 1 787 0
407 1 407 0
638 1 638 0
496 1 496 0
559 1 559 0
741 1 741 0
781 1 781 0
644 1 644 0
795 1 795 0
363 1 363 0
424 1 424 0
564 1 564 0
507 1 507 0
418 1 418 0
610 1 610 0
432 1 432 0
384 1 384 0
435 1 435 0
839 1 839 0
358 1 358 0
729 1 729 0
714 1 714 0
409 1 409 0
807 1 807 0
443 1 443 0
806 1 806 0
678 1 678 0
587 1 587 0
810 1 810 0
475 1 475 0
378 1 378 0
720 1 720 0
487 1 487 0
461 1 461 0
848 1 848 0
420 1 420 0
821 1 821 0
637 1 637 0
522 1 522 0
792 1 792 0
373 1 373 0
768 1 768 0
828 1 828 0
641 1 641 0
437 1 437 0
782 1 782 0
537 1 537 0
733 1 733 0
724 1 724 0
540 1 540 0
744 1 744 0
508 1 508 0
813 1 813 0
827 1 827 0
580 1 580 0
527 1 527 0
449 1 449 0
355 1 355 0
589 1 589 0
350 1 350 0
370 1 370 0
388 1 388 0
477 1 477 0
753 1 753 0
752 1 752 0
795 1 795 0
831 1 831 0
721 1 721 0
393 1 393 0
787 1 787 0
445 1 445 0
701 1 701 0
850 1 850 0
543 1 543 0
367 1 367 0
605 1 605 0
472 1 472 0
687 1 687 0
362 1 362 0
655 1 655 0
505 1 505 0
796 1 796 0
359 1 359 0
819 1 819 0
433 1 433 0
481 1 481 0
510 1 510 0
376 1 376 0
419 1 419 0
472 1 472 0
731 1 731 0
787 1 787 0
608 1 608 0
508 1 508 0
676 1 676 0
768 1 768 0
747 1 747 0
614 1 614 0
614 1 614 0
575 1 575 0
758 1 758 0
773 1 773 0
446 1 446 0
659 1 659 0
684 1 684 0
619 1 619 0
708 1 708 0
483 1 483 0
737 1 737 0
683 1 683 0
383 1 383 0
475 1 475 0
554 1 554 0
847 1 847 0
583 1 583 0
468 1 468 0
762 1 762 0
725 1 725 0
731 1 731 0
685 1 685 0
496 1 496 0
692 1 692 0
801 1 801 0
800 1 800 0
373 1 373 0
845 1 845 0
738 1 738 0
812 1 812 0
363 1 363 0
562 1 562 0
718 1 718 0
761 1 761 0
527 1 527 0
527 1 527 0
643 1 643 0
702 1 702 0
738 1 738 0
701 1 701 0
701 1 701 0
520 1 520 0
415 1 415 0
387 1 387 0
437 1 437 0
369 1 369 0
789 1 789 0
647 1 647 0
785 1 785 0
690 1 690 0
815 1 815 0
557 1 557 0
711 1 711 0
483 1 483 0
456 1 456 0
420 1 420 0
728 1 728 0
541 1 541 0
536 1 536 0
802 1 802 0
535 1 535 0
824 1 824 0
793 1 793 0
669 1 669 0
823 1 823 0
448 1 448 0
691 1 691 0
761 1 761 0
691 1 691 0
448 1 448 0
514 1 514 0
575 1 575 0
584 1 584 0
614 1 614 0
599 1 599 0
758 1 758 0
688 1 688 0
825 1 825 0
729 1 729 0
665 1 665 0
594 1 594 0
454 1 454 0
610 1 610 0
401 1 401 0
410 1 410 0
539 1 539 0
358 1 358 0
739 1 739 0
847 1 847 0
575 1 575 0
729 1 729 0
530 1 530 0
475 1 475 0
368 1 368 0
600 1 600 0
557 1 557 0
451 1 451 0
635 1 635 0
407 1 407 0
591 1 591 0
587 1 587 0
549 1 549 0
385 1 385 0
781 1 781 0
609 1 609 0
632 1 632 0
640 1 640 0
842 1 842 0
503 1 503 0
616 1 616 0
419 1 419 0
424 1 424 0
610 1 610 0
513 1 513 0
790 1 790 0
567 1 567 0
495 1 495 0
542 1 542 0
692 1 692 0
765 1 765 0
752 1 752 0
378 1 378 0
357 1 357 0
625 1 625 0
661 1 661 0
388 1 388 0
400 1 400 0
820 1 820 0
548 1 548 0
683 1 683 0
813 1 813 0
460 1 460 0
454 1 454 0
796 1 796 0
431 1 431 0
591 1 591 0
646 1 646 0
475 1 475 0
431 1 431 0
433 1 433 0
670 1 670 0
419 1 419 0
421 1 421 0
517 1 517 0
390 1 390 0
632 1 632 0
763 1 763 0
517 1 517 0
556 1 556 0
671 1 671 0
391 1 391 0
504 1 504 0
833 1 833 0
587 1 587 0
487 1 487 0
638 1 638 0
488 1 488 0
602 1 602 0
756 1 756 0
540 1 540 0
775 1 775 0
751 1 751 0
427 1 427 0
582 1 582 0
488 1 488 0
765 1 765 0
811 1 811 0
526 1 526 0
398 1 398 0
635 1 635 0
839 1 839 0
373 1 373 0
405 1 405 0
601 1 601 0
487 1 487 0
447 1 447 0
437 1 437 0
615 1 615 0
546 1 546 0
425 1 425 0
711 1 711 0
586 1 586 0
777 1 777 0
669 1 669 0
427 1 427 0
414 1 414 0
688 1 688 0
599 1 599 0
534 1 534 0
848 1 848 0
782 1 782 0
582 1 582 0
668 1 668 0
841 1 841 0
399 1 399 0
399 1 399 0
364 1 364 0
759 1 759 0
366 1 366 0
829 1 829 0
558 1 558 0
537 1 537 0
740 1 740 0
354 1 354 0
733 1 733 0
474 1 474 0
821 1 821 0
408 1 408 0
775 1 775 0
458 1 458 0
630 1 630 0
579 1 579 0
403 1 403 0
704 1 704 0
712 1 712 0
664 1 664 0
477 1 477 0
456 1 456 0
722 1 722 0
528 1 528 0
426 1 426 0
401 1 401 0
490 1 490 0
457 1 457 0
410 1 410 0
428 1 428 0
816 1 816 0
367 1 367 0
396 1 396 0
579 1 579 0
474 1 474 0
562 1 562 0
510 1 510 0
683 1 683 0
592 1 592 0
384 1 384 0
662 1 662 0
795 1 795 0
621 1 621 0
667 1 667 0
430 1 430 0
821 1 821 0
590 1 590 0
489 1 489 0
659 1 659 0
404 1 404 0
735 1 735 0
387 1 387 0
469 1 469 0
811 1 811 0
555 1 555 0
658 1 658 0
600 1 600 0
610 1 610 0
621 1 621 0
520 1 520 0
361 1 361 0
849 1 849 0
712 1 712 0
485 1 485 0
418 1 418 0
633 1 633 0
375 1 375 0
416 1 416 0
571 1 571 0
433 1 433 0
510 1 510 0
623 1 623 0
541 1 541 0
406 1 406 0
812 1 812 0
757 1 757 0
669 1 669 0
579 1 579 0
633 1 633 0
538 1 538 0
571 1 571 0
638 1 638 0
748 1 748 0
376 1 376 0
469 1 469 0
673 1 673 0
644 1 644 0
409 1 409 0
737 1 737 0
644 1 644 0
540 1 540 0
659 1 659 0
576 1 576 0
678 1 678 0
535 1 535 0
392 1 392 0
585 1 585 0
795 1 795 0
591 1 591 0
476 1 476 0
650 1 650 0
802 1 802 0
794 1 794 0
836 1 836 0
679 1 679 0
388 1 388 0
819 1 819 0
743 1 743 0
537 1 537 0
837 1 837 0
681 1 681 0
829 1 829 0
375 1 375 0
697 1 697 0
598 1 598 0
501 1 501 0
523 1 523 0
500 1 500 0
387 1 387 0
727 1 727 0
701 1 701 0
356 1 356 0
392 1 392 0
844 1 844 0
668 1 668 0
690 1 690 0
751 1 751 0
421 1 421 0
415 1 415 0
604 1 604 0
836 1 836 0
611 1 611 0
521 1 521 0
747 1 747 0
535 1 535 0
772 1 772 0
799 1 799 0
600 1 600 0
850 1 850 0
497 1 497 0
587 1 587 0
388 1 388 0
700 1 700 0
772 1 772 0
823 1 823 0
818 1 818 0
720 1 720 0
492 1 492 0
655 1 655 0
540 1 540 0
424 1 424 0
716 1 716 0
466 1 466 0
409 1 409 0
759 1 759 0
492 1 492 0
796 1 796 0
823 1 823 0
707 1 707 0
412 1 412 0
848 1 848 0
756 1 756 0
632 1 632 0
357 1 357 0
620 1 620 0
370 1 370 0
593 1 593 0
350 1 350 0
487 1 487 0
513 1 513 0
401 1 401 0
462 1 462 0
693 1 693 0
475 1 475 0
779 1 779 0
807 1 807 0
696 1 696 0
572 1 572 0
795 1 795 0
739 1 739 0
579 1 579 0
558 1 558 0
632 1 632 0
551 1 551 0
457 1 457 0
536 1 536 0
497 1 497 0
351 1 351 0
645 1 645 0
448 1 448 0
741 1 741 0
639 1 639 0
448 1 448 0
578 1 578 0
578 1 578 0
625 1 625 0
695 1 695 0
845 1 845 0
